0 0
1 60781
2 62597
3 2938
4 4755
5 0
6 60781
7 62597
8 2938
9 4755
10 0
11 60781
12 62597
13 2938
14 4755
15 0
16 60782
17 62597
18 2938
19 4755
20 1
21 60782
22 62597
23 2937
24 4755
25 1
26 60782
27 62596
28 2937
29 4755
30 1
31 60782
32 62596
33 2937
34 4755
35 2
36 60782
37 62596
38 2937
39 4755
40 2
41 60782
42 62596
43 2936
44 4756
45 2
46 60782
47 62595
48 2936
49 4756
50 2
51 60782
52 62595
53 2936
54 4756
55 3
56 60782
57 62595
58 2936
59 4756
60 3
61 60782
62 62595
63 2935
64 4756
65 3
66 60782
67 62594
68 2935
69 4756
70 4
71 60783
72 62594
73 2935
74 4756
75 4
76 60783
77 62594
78 2935
79 4756
80 4
81 60783
82 62594
83 2934
84 4756
85 4
86 60783
87 62593
88 2934
89 4756
90 5
91 60783
92 62593
93 2934
94 4756
95 5
96 60783
97 62593
98 2934
99 4757
100 5
101 60783
102 62593
103 2934
104 4757
105 6
106 60783
107 62592
108 2933
109 4757
110 6
111 60783
112 62592
113 2933
114 4757
115 6
116 60783
117 62592
118 2933
119 4757
120 7
121 60783
122 62592
123 2933
124 4757
125 7
126 60784
127 62592
128 2932
129 4757
130 7
131 60784
132 62591
133 2932
134 4757
135 7
136 60784
137 62591
138 2932
139 4757
140 8
141 60784
142 62591
143 2932
144 4757
145 8
146 60784
147 62591
148 2931
149 4757
150 8
151 60784
152 62590
153 2931
154 4758
155 9
156 60784
157 62590
158 2931
159 4758
160 9
161 60784
162 62590
163 2931
164 4758
165 9
166 60784
167 62590
168 2930
169 4758
170 9
171 60784
172 62589
173 2930
174 4758
175 10
176 60784
177 62589
178 2930
179 4758
180 10
181 60785
182 62589
183 2930
184 4758
185 10
186 60785
187 62589
188 2929
189 4758
190 11
191 60785
192 62588
193 2929
194 4758
195 11
196 60785
197 62588
198 2929
199 4758
200 11
201 60785
202 62588
203 2929
204 4758
205 12
206 60785
207 62588
208 2929
209 4759
210 12
211 60785
212 62588
213 2928
214 4759
215 12
216 60785
217 62587
218 2928
219 4759
220 12
221 60785
222 62587
223 2928
224 4759
225 13
226 60785
227 62587
228 2928
229 4759
230 13
231 60785
232 62587
233 2927
234 4759
235 13
236 60786
237 62586
238 2927
239 4759
240 14
241 60786
242 62586
243 2927
244 4759
245 14
246 60786
247 62586
248 2927
249 4759
250 14
251 60786
252 62586
253 2926
254 4759
255 14
256 60786
257 62585
258 2926
259 4759
260 15
261 60786
262 62585
263 2926
264 4760
265 15
266 60786
267 62585
268 2926
269 4760
270 15
271 60786
272 62585
273 2925
274 4760
275 16
276 60786
277 62584
278 2925
279 4760
280 16
281 60786
282 62584
283 2925
284 4760
285 16
286 60786
287 62584
288 2925
289 4760
290 17
291 60787
292 62584
293 2924
294 4760
295 17
296 60787
297 62583
298 2924
299 4760
300 17
301 60787
302 62583
303 2924
304 4760
305 17
306 60787
307 62583
308 2924
309 4760
310 18
311 60787
312 62583
313 2924
314 4760
315 18
316 60787
317 62583
318 2923
319 4761
320 18
321 60787
322 62582
323 2923
324 4761
325 19
326 60787
327 62582
328 2923
329 4761
330 19
331 60787
332 62582
333 2923
334 4761
335 19
336 60787
337 62582
338 2922
339 4761
340 19
341 60787
342 62581
343 2922
344 4761
345 20
346 60788
347 62581
348 2922
349 4761
350 20
351 60788
352 62581
353 0
354 7424
355 16383
356 60088
357 0
358 0
359 0
360 8
361 16383
362 61352
363 0
364 80
365 16383
366 0
367 0
368 0
369 16383
370 0
371 0
372 58176
373 0
374 64624
375 16383
376 60264
377 16383
378 54668
379 16383
380 0
381 16383
382 571
383 0
384 61600
385 59789
386 54668
387 16383
388 60920
389 16383
390 9456
391 0
392 61064
393 16383
394 571
395 16383
396 0
397 16383
398 64547
399 16383
400 0
401 16383
402 15655
403 0
404 61120
405 16383
406 0
407 0
408 61120
409 7560
410 15744
411 16383
412 0
413 16383
414 571
415 16383
416 13080
417 16383
418 9200
419 16383
420 13080
421 16383
422 9200
423 16383
424 13080
425 16383
426 9908
427 16383
428 61040
429 0
430 0
431 0
432 0
433 0
434 0
435 0
436 0
437 0
438 0
439 0
440 0
441 0
442 1
443 0
444 8752
445 16383
446 8752
447 16383
448 0
449 0
450 58112
451 16383
452 61000
453 16379
454 57736
455 16383
456 0
457 0
458 15804
459 0
460 8752
461 16383
462 8752
463 16383
464 61176
465 0
466 13257
467 0
468 61176
469 16383
470 58924
471 16379
472 1676
473 16379
474 50351
475 16379
476 0
477 16383
478 8736
479 16383
480 0
481 0
482 1636
483 16383
484 58160
485 0
486 51596
487 16383
488 8212
489 16383
490 61440
491 16379
492 61424
493 3
494 61584
495 0
496 61460
497 16383
498 62236
499 16383
500 0
501 0
502 0
503 0
504 0
505 0
506 0
507 0
508 0
509 0
510 0
511 0
512 42168
513 57798
514 32766
515 0
516 18544
517 3885
518 1
519 0
520 36680
521 8
522 0
523 0
524 1
525 0
526 0
527 0
528 41952
529 57798
530 32766
531 0
532 59770
533 3877
534 1
535 0
536 42680
537 57798
538 32766
539 0
540 4
541 0
542 0
543 0
544 42000
545 57798
546 1
547 0
548 2
549 0
550 0
551 0
552 0
553 0
554 0
555 0
556 49240
557 3888
558 1
559 0
560 1
561 0
562 0
563 0
564 0
565 0
566 0
567 0
568 16
569 0
570 0
571 0
572 42680
573 57798
574 32766
575 0
576 42080
577 57798
578 32766
579 0
580 60157
581 3877
582 1
583 0
584 41976
585 57798
586 32766
587 0
588 31632
589 3888
590 1
591 0
592 0
593 16896
594 0
595 0
596 60285
597 3877
598 1
599 0
600 58928
601 3884
602 1
603 0
604 42168
605 57798
606 32766
607 0
608 49240
609 3888
610 1
611 0
612 42680
613 57798
614 32766
615 0
616 0
617 3875
618 1
619 0
620 49184
621 3888
622 1
623 0
624 0
625 3875
626 1
627 0
628 1
629 0
630 0
631 0
632 2
633 0
634 0
635 0
636 42680
637 57798
638 32766
639 0
640 42144
641 57798
642 32766
643 0
644 59285
645 3877
646 1
647 0
648 42168
649 57798
650 32766
651 0
652 0
653 3875
654 1
655 0
656 31632
657 3888
658 1
659 0
660 42640
661 57798
662 32766
663 0
664 42544
665 57798
666 32766
667 0
668 42680
669 57798
670 32766
671 0
672 42256
673 57798
674 32766
675 0
676 1244
677 3878
678 1
679 0
680 32768
681 10
682 0
683 0
684 31936
685 3
686 0
687 0
688 49152
689 13
690 0
691 0
692 49152
693 3
694 0
695 0
696 49152
697 3
698 0
699 0
700 1376
701 3875
702 1
703 0
704 1368
705 0
706 1
707 0
708 24
709 0
710 0
711 0
712 42272
713 57798
714 32766
715 0
716 56560
717 3877
718 1
719 0
720 1
721 0
722 0
723 0
724 42376
725 57798
726 32766
727 0
728 20512
729 3577
730 1
731 0
732 20480
733 3577
734 1
735 0
736 42352
737 57798
738 32766
739 0
740 64291
741 3877
742 1
743 0
744 21880
745 3577
746 1
747 0
748 42456
749 57798
750 32766
751 0
752 42424
753 57798
754 32766
755 256
756 42424
757 57798
758 32766
759 0
760 0
761 0
762 0
763 0
764 20480
765 3577
766 1
767 0
768 42424
769 57798
770 32766
771 0
772 42424
773 57798
774 32766
775 0
776 42496
777 57798
778 32766
779 0
780 56492
781 3877
782 1
783 0
784 0
785 16896
786 0
787 0
788 31632
789 3888
790 1
791 0
792 0
793 16896
794 0
795 0
796 56508
797 3877
798 1
799 0
800 58592
801 3884
802 1
803 0
804 42424
805 57798
806 32766
807 0
808 20480
809 3577
810 1
811 0
812 0
813 0
814 0
815 0
816 42424
817 57798
818 32766
819 0
820 0
821 0
822 32
823 0
824 190
825 32486
826 2600
827 46863
828 43160
829 57798
830 32766
831 0
832 2
833 0
834 0
835 0
836 20480
837 3577
838 1
839 0
840 42856
841 57798
842 32766
843 0
844 42880
845 57798
846 32766
847 0
848 42800
849 57798
850 32766
851 0
852 4651
853 3875
854 1
855 0
856 42832
857 57798
858 32766
859 0
860 0
861 0
862 0
863 0
864 0
865 0
866 0
867 0
868 0
869 0
870 0
871 0
872 31632
873 3888
874 1
875 0
876 0
877 16896
878 0
879 0
880 4740
881 3875
882 1
883 0
884 49200
885 3884
886 1
887 0
888 42640
889 57798
890 32766
891 0
892 0
893 3875
894 1
895 0
896 0
897 3875
898 1
899 0
900 31632
901 3888
902 1
903 0
904 0
905 16384
906 0
907 0
908 4825
909 3875
910 1
911 0
912 49248
913 3884
914 1
915 0
916 0
917 3875
918 1
919 0
920 0
921 0
922 0
923 0
924 42640
925 57798
926 32766
927 0
928 0
929 512
930 48
931 0
932 4712
933 3875
934 1
935 0
936 4726
937 3875
938 1
939 0
940 0
941 0
942 0
943 0
944 0
945 0
946 0
947 0
948 0
949 0
950 0
951 0
952 0
953 0
954 0
955 0
956 0
957 0
958 0
959 0
960 0
961 0
962 0
963 0
964 42856
965 57798
966 32766
967 0
968 42832
969 57798
970 32766
971 0
972 20480
973 3577
974 1
975 0
976 0
977 0
978 2
979 0
980 0
981 0
982 0
983 0
984 0
985 0
986 0
987 0
988 0
989 0
990 0
991 0
992 0
993 0
994 0
995 0
996 0
997 0
998 0
999 0
