0.000000000000000e+000	-1.000000e-002	2.499995e-007
3.906249976259879e-011	-9.218750e-003	2.162652e-006
7.812499952519758e-011	-8.437500e-003	7.336131e-006
1.562499990503952e-010	-6.875000e-003	2.773081e-005
3.124999981007903e-010	-3.750000e-003	1.069789e-004
6.249999962015806e-010	2.500000e-003	3.797982e-004
1.000000000000000e-009	1.000000e-002	8.279901e-004
1.262500002658894e-009	1.000000e-002	1.221323e-003
1.562500005697629e-009	1.000000e-002	1.626075e-003
2.162500011775100e-009	1.000000e-002	2.312746e-003
3.362500023930042e-009	1.000000e-002	3.367036e-003
4.784974486176847e-009	1.000000e-002	4.211454e-003
6.528716513823578e-009	1.000000e-002	4.801068e-003
8.416503245269503e-009	1.000000e-002	5.084955e-003
1.074688564974303e-008	1.000000e-002	5.139704e-003
1.340064018189674e-008	1.000000e-002	5.002259e-003
1.680379241575981e-008	1.000000e-002	4.692130e-003
2.093867372731940e-008	1.000000e-002	4.260703e-003
2.661242937656780e-008	1.000000e-002	3.683761e-003
3.447548604836004e-008	1.000000e-002	2.986056e-003
4.844629115760847e-008	1.000000e-002	1.975947e-003
6.193850496627444e-008	1.000000e-002	1.221297e-003
7.910688271690411e-008	1.000000e-002	5.068877e-004
9.756134284993494e-008	1.000000e-002	-6.799814e-005
1.202045267279173e-007	1.000000e-002	-6.000064e-004
1.450754001527700e-007	1.000000e-002	-1.058628e-003
1.765212982135796e-007	1.000000e-002	-1.538161e-003
2.135888570815141e-007	1.000000e-002	-2.037701e-003
2.635316706334223e-007	1.000000e-002	-2.665482e-003
4.302027089881524e-007	1.000000e-002	-4.678474e-003
9.300563657202028e-007	1.000000e-002	-1.053572e-002
1.596527908029603e-006	1.000000e-002	-1.804414e-002
2.573090408029603e-006	1.000000e-002	-2.855830e-002
3.549652908029603e-006	1.000000e-002	-3.850449e-002
4.526215408029603e-006	1.000000e-002	-4.786542e-002
5.502777908029603e-006	1.000000e-002	-5.667512e-002
6.479340408029603e-006	1.000000e-002	-6.496563e-002
7.455902908029603e-006	1.000000e-002	-7.276714e-002
8.432465408029603e-006	1.000000e-002	-8.010808e-002
1.038559040802961e-005	1.000000e-002	-9.351380e-002
1.233871540802961e-005	1.000000e-002	-1.053789e-001
1.429184040802961e-005	1.000000e-002	-1.158772e-001
1.624496540802961e-005	1.000000e-002	-1.251632e-001
1.819809040802961e-005	1.000000e-002	-1.333736e-001
2.015121540802961e-005	1.000000e-002	-1.406300e-001
2.210434040802962e-005	1.000000e-002	-1.470401e-001
2.405746540802962e-005	1.000000e-002	-1.526994e-001
2.601059040802962e-005	1.000000e-002	-1.576926e-001
2.796371540802962e-005	1.000000e-002	-1.620952e-001
2.991684040802962e-005	1.000000e-002	-1.659736e-001
3.186996540802962e-005	1.000000e-002	-1.693872e-001
3.382309040802963e-005	1.000000e-002	-1.723884e-001
3.577621540802963e-005	1.000000e-002	-1.750239e-001
3.772934040802963e-005	1.000000e-002	-1.773349e-001
3.968246540802963e-005	1.000000e-002	-1.793581e-001
4.163559040802963e-005	1.000000e-002	-1.811260e-001
4.358871540802963e-005	1.000000e-002	-1.826675e-001
4.554184040802964e-005	1.000000e-002	-1.840082e-001
4.749496540802964e-005	1.000000e-002	-1.851707e-001
4.944809040802964e-005	1.000000e-002	-1.861753e-001
5.140121540802964e-005	1.000000e-002	-1.870397e-001
5.335434040802964e-005	1.000000e-002	-1.877798e-001
5.530746540802965e-005	1.000000e-002	-1.884098e-001
5.726059040802965e-005	1.000000e-002	-1.889419e-001
5.921371540802965e-005	1.000000e-002	-1.893875e-001
6.116684040802964e-005	1.000000e-002	-1.897561e-001
6.409652790802965e-005	1.000000e-002	-1.901838e-001
6.702621540802965e-005	1.000000e-002	-1.904832e-001
6.995590290802965e-005	1.000000e-002	-1.906756e-001
7.288559040802965e-005	1.000000e-002	-1.907787e-001
7.581527790802966e-005	1.000000e-002	-1.908073e-001
7.874496540802966e-005	1.000000e-002	-1.907738e-001
8.139563505088680e-005	1.000000e-002	-1.906877e-001
8.404630469374395e-005	1.000000e-002	-1.905771e-001
8.669697433660110e-005	1.000000e-002	-1.904420e-001
8.934764397945824e-005	1.000000e-002	-1.902824e-001
9.199831362231538e-005	1.000000e-002	-1.900984e-001
9.464898326517254e-005	1.000000e-002	-1.898898e-001
9.729965290802968e-005	1.000000e-002	-1.896568e-001
1.000010000000000e-004	1.000000e-002	-1.894156e-001
1.000011000000000e-004	8.000000e-003	-1.894392e-001
1.000013000000000e-004	4.000000e-003	-1.895284e-001
1.000016000000000e-004	-2.000000e-003	-1.897780e-001
1.000020000000000e-004	-1.000000e-002	-1.902494e-001
1.000021200000000e-004	-1.000000e-002	-1.904335e-001
1.000022800000000e-004	-1.000000e-002	-1.906669e-001
1.000026000000000e-004	-1.000000e-002	-1.910936e-001
1.000032400000000e-004	-1.000000e-002	-1.918100e-001
1.000045200000000e-004	-1.000000e-002	-1.928971e-001
1.000059380238619e-004	-1.000000e-002	-1.936977e-001
1.000077379943816e-004	-1.000000e-002	-1.942625e-001
1.000096265906845e-004	-1.000000e-002	-1.945156e-001
1.000120353143823e-004	-1.000000e-002	-1.945463e-001
1.000147094141387e-004	-1.000000e-002	-1.943922e-001
1.000182393622060e-004	-1.000000e-002	-1.940610e-001
1.000224477138839e-004	-1.000000e-002	-1.936202e-001
1.000283852038954e-004	-1.000000e-002	-1.930218e-001
1.000365556139590e-004	-1.000000e-002	-1.923125e-001
1.000519696280349e-004	-1.000000e-002	-1.912372e-001
1.000663532103348e-004	-1.000000e-002	-1.904752e-001
1.000860303993579e-004	-1.000000e-002	-1.897119e-001
1.001038188596340e-004	-1.000000e-002	-1.891977e-001
1.001285789874549e-004	-1.000000e-002	-1.886568e-001
1.001533965207243e-004	-1.000000e-002	-1.882228e-001
1.001883341640359e-004	-1.000000e-002	-1.877093e-001
1.002264326111534e-004	-1.000000e-002	-1.872047e-001
1.002828035229098e-004	-1.000000e-002	-1.864997e-001
1.004734544038420e-004	-1.000000e-002	-1.841892e-001
1.019248301114508e-004	-1.000000e-002	-1.677970e-001
1.033762058190596e-004	-1.000000e-002	-1.525396e-001
1.048275815266684e-004	-1.000000e-002	-1.384171e-001
1.062789572342772e-004	-1.000000e-002	-1.254295e-001
1.077303329418860e-004	-1.000000e-002	-1.135768e-001
1.091817086494948e-004	-1.000000e-002	-1.028589e-001
1.106330843571036e-004	-1.000000e-002	-9.327591e-002
1.125862093571036e-004	-1.000000e-002	-8.138826e-002
1.145393343571036e-004	-1.000000e-002	-7.084417e-002
1.164924593571036e-004	-1.000000e-002	-6.149197e-002
1.184455843571036e-004	-1.000000e-002	-5.319712e-002
1.203987093571036e-004	-1.000000e-002	-4.584025e-002
1.223518343571036e-004	-1.000000e-002	-3.931548e-002
1.243049593571036e-004	-1.000000e-002	-3.352890e-002
1.262580843571036e-004	-1.000000e-002	-2.839716e-002
1.282112093571036e-004	-1.000000e-002	-2.384634e-002
1.301643343571036e-004	-1.000000e-002	-1.981087e-002
1.321174593571036e-004	-1.000000e-002	-1.623257e-002
1.330940218571036e-004	-1.000000e-002	-1.459849e-002
1.340705843571036e-004	-1.000000e-002	-1.305983e-002
1.350471468571036e-004	-1.000000e-002	-1.161103e-002
1.360237093571036e-004	-1.000000e-002	-1.024687e-002
1.370002718571036e-004	-1.000000e-002	-8.962431e-003
1.379768343571036e-004	-1.000000e-002	-7.753076e-003
1.389533968571036e-004	-1.000000e-002	-6.614443e-003
1.399299593571036e-004	-1.000000e-002	-5.542418e-003
1.409065218571036e-004	-1.000000e-002	-4.533130e-003
1.418830843571036e-004	-1.000000e-002	-3.582932e-003
1.428596468571036e-004	-1.000000e-002	-2.688389e-003
1.438362093571036e-004	-1.000000e-002	-1.846264e-003
1.448127718571036e-004	-1.000000e-002	-1.053511e-003
1.457893343571036e-004	-1.000000e-002	-3.072595e-004
1.467658968571036e-004	-1.000000e-002	3.951941e-004
1.477424593571036e-004	-1.000000e-002	1.056396e-003
1.487190218571036e-004	-1.000000e-002	1.678744e-003
1.496955843571036e-004	-1.000000e-002	2.264498e-003
1.516487093571036e-004	-1.000000e-002	3.334608e-003
1.536018343571036e-004	-1.000000e-002	4.282304e-003
1.555549593571036e-004	-1.000000e-002	5.121407e-003
1.584846468571036e-004	-1.000000e-002	6.202886e-003
1.614143343571036e-004	-1.000000e-002	7.102995e-003
1.643440218571036e-004	-1.000000e-002	7.851567e-003
1.672737093571036e-004	-1.000000e-002	8.473530e-003
1.702033968571036e-004	-1.000000e-002	8.989710e-003
1.731330843571036e-004	-1.000000e-002	9.417512e-003
1.755047361428179e-004	-1.000000e-002	9.697688e-003
1.778763879285322e-004	-1.000000e-002	9.948145e-003
1.802480397142465e-004	-1.000000e-002	1.016888e-002
1.826196914999608e-004	-1.000000e-002	1.035990e-002
1.849913432856751e-004	-1.000000e-002	1.052120e-002
1.873629950713894e-004	-1.000000e-002	1.065278e-002
1.897346468571036e-004	-1.000000e-002	1.075464e-002
1.912011258775174e-004	-1.000000e-002	1.081358e-002
1.926676048979312e-004	-1.000000e-002	1.086771e-002
1.941340839183449e-004	-1.000000e-002	1.091703e-002
1.956005629387587e-004	-1.000000e-002	1.096154e-002
1.970670419591725e-004	-1.000000e-002	1.100123e-002
1.985335209795863e-004	-1.000000e-002	1.103612e-002
2.000000000000000e-004	-1.000000e-002	1.106619e-002
2.000001000000000e-004	-8.000000e-003	1.108977e-002
2.000003000000000e-004	-4.000000e-003	1.117899e-002
2.000006000000000e-004	2.000000e-003	1.142862e-002
2.000010000000000e-004	1.000000e-002	1.190003e-002
2.000012800000000e-004	1.000000e-002	1.231761e-002
2.000016000000000e-004	1.000000e-002	1.274439e-002
2.000022400000000e-004	1.000000e-002	1.346088e-002
2.000035200000000e-004	1.000000e-002	1.454822e-002
2.000049375387484e-004	1.000000e-002	1.534880e-002
2.000067372719723e-004	1.000000e-002	1.591391e-002
2.000086252570711e-004	1.000000e-002	1.616730e-002
2.000110334981338e-004	1.000000e-002	1.619830e-002
2.000137065345319e-004	1.000000e-002	1.604466e-002
2.000172353075473e-004	1.000000e-002	1.571397e-002
2.000214414855013e-004	1.000000e-002	1.527390e-002
2.000273758705339e-004	1.000000e-002	1.467635e-002
2.000355397424003e-004	1.000000e-002	1.396826e-002
2.000509342717065e-004	1.000000e-002	1.289541e-002
2.000652984079067e-004	1.000000e-002	1.213551e-002
2.000849825445914e-004	1.000000e-002	1.137350e-002
2.001027577195185e-004	1.000000e-002	1.086126e-002
2.001275175619711e-004	1.000000e-002	1.032268e-002
2.001523125048235e-004	1.000000e-002	9.891684e-003
2.001872423840413e-004	1.000000e-002	9.382017e-003
2.002253041062660e-004	1.000000e-002	8.882025e-003
2.002816471500620e-004	1.000000e-002	8.183589e-003
2.006674871551493e-004	1.000000e-002	3.590378e-003
2.010582853659080e-004	1.000000e-002	-9.184082e-004
2.018398817874255e-004	1.000000e-002	-9.618184e-003
2.028164442874255e-004	1.000000e-002	-1.997848e-002
2.037930067874255e-004	1.000000e-002	-2.976105e-002
2.047695692874255e-004	1.000000e-002	-3.896828e-002
2.057461317874255e-004	1.000000e-002	-4.763361e-002
2.067226942874255e-004	1.000000e-002	-5.578855e-002
2.076992567874255e-004	1.000000e-002	-6.346277e-002
2.086758192874255e-004	1.000000e-002	-7.068423e-002
2.106289442874255e-004	1.000000e-002	-8.387260e-002
2.125820692874255e-004	1.000000e-002	-9.554641e-002
2.145351942874255e-004	1.000000e-002	-1.058767e-001
2.164883192874255e-004	1.000000e-002	-1.150151e-001
2.184414442874255e-004	1.000000e-002	-1.230962e-001
2.203945692874255e-004	1.000000e-002	-1.302394e-001
2.223476942874255e-004	1.000000e-002	-1.365505e-001
2.243008192874255e-004	1.000000e-002	-1.421237e-001
2.262539442874255e-004	1.000000e-002	-1.470421e-001
2.282070692874255e-004	1.000000e-002	-1.513797e-001
2.301601942874255e-004	1.000000e-002	-1.552022e-001
2.321133192874255e-004	1.000000e-002	-1.585676e-001
2.340664442874255e-004	1.000000e-002	-1.615277e-001
2.360195692874255e-004	1.000000e-002	-1.641282e-001
2.379726942874255e-004	1.000000e-002	-1.664097e-001
2.399258192874255e-004	1.000000e-002	-1.684083e-001
2.418789442874255e-004	1.000000e-002	-1.701559e-001
2.438320692874255e-004	1.000000e-002	-1.716809e-001
2.457851942874255e-004	1.000000e-002	-1.730085e-001
2.477383192874255e-004	1.000000e-002	-1.741609e-001
2.496914442874255e-004	1.000000e-002	-1.751581e-001
2.516445692874255e-004	1.000000e-002	-1.760174e-001
2.535976942874255e-004	1.000000e-002	-1.767546e-001
2.555508192874255e-004	1.000000e-002	-1.773834e-001
2.575039442874255e-004	1.000000e-002	-1.779161e-001
2.594570692874255e-004	1.000000e-002	-1.783637e-001
2.623867567874255e-004	1.000000e-002	-1.788959e-001
2.653164442874255e-004	1.000000e-002	-1.792860e-001
2.682461317874255e-004	1.000000e-002	-1.795575e-001
2.711758192874255e-004	1.000000e-002	-1.797298e-001
2.741055067874255e-004	1.000000e-002	-1.798194e-001
2.770351942874255e-004	1.000000e-002	-1.798401e-001
2.799648817874255e-004	1.000000e-002	-1.798032e-001
2.827058183177931e-004	1.000000e-002	-1.797141e-001
2.854467548481607e-004	1.000000e-002	-1.796013e-001
2.881876913785283e-004	1.000000e-002	-1.794646e-001
2.909286279088959e-004	1.000000e-002	-1.793043e-001
2.936695644392635e-004	1.000000e-002	-1.791201e-001
2.964105009696311e-004	1.000000e-002	-1.789122e-001
2.991514374999986e-004	1.000000e-002	-1.786804e-001
3.000010000000000e-004	1.000000e-002	-1.786088e-001
3.000010999999996e-004	8.000000e-003	-1.786324e-001
3.000012999999989e-004	4.000000e-003	-1.787216e-001
3.000016000000016e-004	-2.000000e-003	-1.789712e-001
3.000020000000000e-004	-1.000000e-002	-1.794425e-001
3.000021199999995e-004	-1.000000e-002	-1.796267e-001
3.000022799999989e-004	-1.000000e-002	-1.798601e-001
3.000025999999977e-004	-1.000000e-002	-1.802868e-001
3.000032399999953e-004	-1.000000e-002	-1.810032e-001
3.000045199999904e-004	-1.000000e-002	-1.820903e-001
3.000059380033762e-004	-1.000000e-002	-1.828909e-001
3.000077379649504e-004	-1.000000e-002	-1.834558e-001
3.000096265352597e-004	-1.000000e-002	-1.837089e-001
3.000120352361838e-004	-1.000000e-002	-1.837395e-001
3.000147092846776e-004	-1.000000e-002	-1.835855e-001
3.000182391689197e-004	-1.000000e-002	-1.832543e-001
3.000224474041302e-004	-1.000000e-002	-1.828136e-001
3.000283847100580e-004	-1.000000e-002	-1.822152e-001
3.000365547303067e-004	-1.000000e-002	-1.815060e-001
3.000519674672418e-004	-1.000000e-002	-1.804308e-001
3.000663496855741e-004	-1.000000e-002	-1.796690e-001
3.000860274351334e-004	-1.000000e-002	-1.789058e-001
3.001038149693592e-004	-1.000000e-002	-1.783917e-001
3.001285751556889e-004	-1.000000e-002	-1.778509e-001
3.001533911091598e-004	-1.000000e-002	-1.774171e-001
3.001883282930102e-004	-1.000000e-002	-1.769038e-001
3.002264241624506e-004	-1.000000e-002	-1.763995e-001
3.002827932091426e-004	-1.000000e-002	-1.756949e-001
3.013428474298396e-004	-1.000000e-002	-1.633701e-001
3.024029016505367e-004	-1.000000e-002	-1.517040e-001
3.034629558712337e-004	-1.000000e-002	-1.406965e-001
3.045230100919308e-004	-1.000000e-002	-1.303477e-001
3.055830643126278e-004	-1.000000e-002	-1.206574e-001
3.066431185333249e-004	-1.000000e-002	-1.116258e-001
3.077031727540219e-004	-1.000000e-002	-1.032529e-001
3.096562977540219e-004	-1.000000e-002	-8.903550e-002
3.116094227540219e-004	-1.000000e-002	-7.642613e-002
3.135625477540219e-004	-1.000000e-002	-6.524325e-002
3.155156727540219e-004	-1.000000e-002	-5.532584e-002
3.174687977540219e-004	-1.000000e-002	-4.653103e-002
3.184453602540219e-004	-1.000000e-002	-4.251443e-002
3.194219227540219e-004	-1.000000e-002	-3.873211e-002
3.203984852540219e-004	-1.000000e-002	-3.517047e-002
3.213750477540219e-004	-1.000000e-002	-3.181665e-002
3.223516102540219e-004	-1.000000e-002	-2.865860e-002
3.233281727540219e-004	-1.000000e-002	-2.568493e-002
3.243047352540219e-004	-1.000000e-002	-2.288491e-002
3.252812977540219e-004	-1.000000e-002	-2.024846e-002
3.262578602540219e-004	-1.000000e-002	-1.776607e-002
3.272344227540219e-004	-1.000000e-002	-1.542877e-002
3.282109852540219e-004	-1.000000e-002	-1.322814e-002
3.291875477540219e-004	-1.000000e-002	-1.115622e-002
3.301641102540219e-004	-1.000000e-002	-9.205547e-003
3.311406727540219e-004	-1.000000e-002	-7.369059e-003
3.321172352540219e-004	-1.000000e-002	-5.640121e-003
3.330937977540219e-004	-1.000000e-002	-4.012480e-003
3.340703602540219e-004	-1.000000e-002	-2.480248e-003
3.350469227540219e-004	-1.000000e-002	-1.037879e-003
3.360234852540219e-004	-1.000000e-002	3.198532e-004
3.370000477540219e-004	-1.000000e-002	1.597868e-003
3.379766102540219e-004	-1.000000e-002	2.800799e-003
3.389531727540219e-004	-1.000000e-002	3.933013e-003
3.399297352540219e-004	-1.000000e-002	4.998621e-003
3.409062977540219e-004	-1.000000e-002	6.001494e-003
3.418828602540219e-004	-1.000000e-002	6.945281e-003
3.438359852540219e-004	-1.000000e-002	8.669134e-003
3.457891102540219e-004	-1.000000e-002	1.019534e-002
3.477422352540219e-004	-1.000000e-002	1.154620e-002
3.496953602540220e-004	-1.000000e-002	1.274153e-002
3.516484852540220e-004	-1.000000e-002	1.379887e-002
3.545781727540220e-004	-1.000000e-002	1.515977e-002
3.575078602540220e-004	-1.000000e-002	1.629023e-002
3.604375477540220e-004	-1.000000e-002	1.722815e-002
3.633672352540220e-004	-1.000000e-002	1.800522e-002
3.662969227540220e-004	-1.000000e-002	1.864789e-002
3.692266102540220e-004	-1.000000e-002	1.917828e-002
3.721562977540220e-004	-1.000000e-002	1.961486e-002
3.750859852540220e-004	-1.000000e-002	1.997308e-002
3.775971459683077e-004	-1.000000e-002	2.021581e-002
3.801083066825934e-004	-1.000000e-002	2.042979e-002
3.826194673968791e-004	-1.000000e-002	2.061504e-002
3.851306281111648e-004	-1.000000e-002	2.077154e-002
3.876417888254506e-004	-1.000000e-002	2.089929e-002
3.901529495397363e-004	-1.000000e-002	2.099831e-002
3.926641102540220e-004	-1.000000e-002	2.106858e-002
3.937120945034474e-004	-1.000000e-002	2.109674e-002
3.947600787528728e-004	-1.000000e-002	2.112267e-002
3.958080630022983e-004	-1.000000e-002	2.114639e-002
3.968560472517237e-004	-1.000000e-002	2.116789e-002
3.979040315011492e-004	-1.000000e-002	2.118716e-002
3.989520157505746e-004	-1.000000e-002	2.120422e-002
4.000000000000000e-004	-1.000000e-002	2.121905e-002
4.000001000000000e-004	-8.000000e-003	2.124263e-002
4.000003000000000e-004	-4.000000e-003	2.133184e-002
4.000006000000000e-004	2.000000e-003	2.158147e-002
4.000010000000000e-004	1.000000e-002	2.205288e-002
4.000012800000001e-004	1.000000e-002	2.247046e-002
4.000016000000001e-004	1.000000e-002	2.289724e-002
4.000022400000001e-004	1.000000e-002	2.361373e-002
4.000035200000002e-004	1.000000e-002	2.470106e-002
4.000049375745128e-004	1.000000e-002	2.550164e-002
4.000067373262527e-004	1.000000e-002	2.606675e-002
4.000086253562748e-004	1.000000e-002	2.632012e-002
4.000110336307054e-004	1.000000e-002	2.635110e-002
4.000137067394389e-004	1.000000e-002	2.619744e-002
4.000172355854443e-004	1.000000e-002	2.586672e-002
4.000214418996777e-004	1.000000e-002	2.542661e-002
4.000273764621279e-004	1.000000e-002	2.482901e-002
4.000355407065631e-004	1.000000e-002	2.412084e-002
4.000509362486633e-004	1.000000e-002	2.304785e-002
4.000653013231258e-004	1.000000e-002	2.228784e-002
4.000849851522215e-004	1.000000e-002	2.152575e-002
4.001027609704445e-004	1.000000e-002	2.101339e-002
4.001275208732440e-004	1.000000e-002	2.047467e-002
4.001523169138389e-004	1.000000e-002	2.004351e-002
4.001872472118390e-004	1.000000e-002	1.953363e-002
4.002253106974200e-004	1.000000e-002	1.903337e-002
4.002816551034757e-004	1.000000e-002	1.833457e-002
4.006675231950493e-004	1.000000e-002	1.373858e-002
4.010583579042344e-004	1.000000e-002	9.226914e-003
4.018400273226046e-004	1.000000e-002	5.214233e-004
4.028165898226046e-004	1.000000e-002	-9.844977e-003
4.037931523226046e-004	1.000000e-002	-1.963365e-002
4.047697148226046e-004	1.000000e-002	-2.884697e-002
4.057462773226046e-004	1.000000e-002	-3.751840e-002
4.067228398226046e-004	1.000000e-002	-4.567944e-002
4.076994023226046e-004	1.000000e-002	-5.335977e-002
4.086759648226046e-004	1.000000e-002	-6.058733e-002
4.096525273226046e-004	1.000000e-002	-6.738844e-002
4.116056523226046e-004	1.000000e-002	-7.980905e-002
4.135587773226046e-004	1.000000e-002	-9.080318e-002
4.155119023226046e-004	1.000000e-002	-1.005319e-001
4.174650273226046e-004	1.000000e-002	-1.091380e-001
4.194181523226046e-004	1.000000e-002	-1.167483e-001
4.213712773226046e-004	1.000000e-002	-1.234752e-001
4.233244023226046e-004	1.000000e-002	-1.294184e-001
4.252775273226046e-004	1.000000e-002	-1.346666e-001
4.272306523226046e-004	1.000000e-002	-1.392981e-001
4.291837773226046e-004	1.000000e-002	-1.433825e-001
4.311369023226046e-004	1.000000e-002	-1.469818e-001
4.330900273226046e-004	1.000000e-002	-1.501506e-001
4.350431523226047e-004	1.000000e-002	-1.529376e-001
4.369962773226047e-004	1.000000e-002	-1.553859e-001
4.389494023226047e-004	1.000000e-002	-1.575338e-001
4.409025273226047e-004	1.000000e-002	-1.594152e-001
4.428556523226047e-004	1.000000e-002	-1.610602e-001
4.448087773226047e-004	1.000000e-002	-1.624956e-001
4.467619023226047e-004	1.000000e-002	-1.637450e-001
4.487150273226047e-004	1.000000e-002	-1.648295e-001
4.506681523226047e-004	1.000000e-002	-1.657677e-001
4.526212773226047e-004	1.000000e-002	-1.665761e-001
4.545744023226047e-004	1.000000e-002	-1.672695e-001
4.565275273226047e-004	1.000000e-002	-1.678608e-001
4.584806523226047e-004	1.000000e-002	-1.683615e-001
4.614103398226047e-004	1.000000e-002	-1.689651e-001
4.643400273226047e-004	1.000000e-002	-1.694177e-001
4.672697148226047e-004	1.000000e-002	-1.697441e-001
4.701994023226047e-004	1.000000e-002	-1.699653e-001
4.731290898226047e-004	1.000000e-002	-1.700987e-001
4.760587773226047e-004	1.000000e-002	-1.701587e-001
4.789884648226047e-004	1.000000e-002	-1.701576e-001
4.816391344654618e-004	1.000000e-002	-1.701017e-001
4.842898041083189e-004	1.000000e-002	-1.700217e-001
4.869404737511761e-004	1.000000e-002	-1.699176e-001
4.895911433940332e-004	1.000000e-002	-1.697894e-001
4.922418130368903e-004	1.000000e-002	-1.696370e-001
4.948924826797476e-004	1.000000e-002	-1.694606e-001
4.975431523226047e-004	1.000000e-002	-1.692600e-001
5.000010000000000e-004	1.000000e-002	-1.690712e-001
5.000011000000001e-004	8.000000e-003	-1.690948e-001
5.000013000000000e-004	4.000000e-003	-1.691840e-001
5.000016000000000e-004	-2.000000e-003	-1.694335e-001
5.000020000000000e-004	-1.000000e-002	-1.699049e-001
5.000022800000001e-004	-1.000000e-002	-1.703225e-001
5.000026000000001e-004	-1.000000e-002	-1.707492e-001
5.000032400000002e-004	-1.000000e-002	-1.714656e-001
5.000045200000003e-004	-1.000000e-002	-1.725527e-001
5.000059379840594e-004	-1.000000e-002	-1.733533e-001
5.000077379370471e-004	-1.000000e-002	-1.739182e-001
5.000096264829126e-004	-1.000000e-002	-1.741714e-001
5.000120351628804e-004	-1.000000e-002	-1.742020e-001
5.000147091642325e-004	-1.000000e-002	-1.740480e-001
5.000182389909361e-004	-1.000000e-002	-1.737168e-001
5.000224471207810e-004	-1.000000e-002	-1.732762e-001
5.000283842625393e-004	-1.000000e-002	-1.726779e-001
5.000365539353259e-004	-1.000000e-002	-1.719687e-001
5.000519655460236e-004	-1.000000e-002	-1.708936e-001
5.000663465693508e-004	-1.000000e-002	-1.701319e-001
5.000860248060651e-004	-1.000000e-002	-1.693687e-001
5.001038115289179e-004	-1.000000e-002	-1.688548e-001
5.001285717615773e-004	-1.000000e-002	-1.683141e-001
5.001533863311907e-004	-1.000000e-002	-1.678805e-001
5.001883231079810e-004	-1.000000e-002	-1.673674e-001
5.002264167213880e-004	-1.000000e-002	-1.668633e-001
5.002827841330713e-004	-1.000000e-002	-1.661591e-001
5.013428117019910e-004	-1.000000e-002	-1.538409e-001
5.024028392709106e-004	-1.000000e-002	-1.421814e-001
5.034628668398303e-004	-1.000000e-002	-1.311804e-001
5.045228944087498e-004	-1.000000e-002	-1.208380e-001
5.055829219776695e-004	-1.000000e-002	-1.111543e-001
5.066429495465891e-004	-1.000000e-002	-1.021291e-001
5.077029771155088e-004	-1.000000e-002	-9.376258e-002
5.096561021155088e-004	-1.000000e-002	-7.955661e-002
5.116092271155088e-004	-1.000000e-002	-6.695867e-002
5.125857896155088e-004	-1.000000e-002	-6.120514e-002
5.135623521155088e-004	-1.000000e-002	-5.578721e-002
5.145389146155088e-004	-1.000000e-002	-5.068535e-002
5.155154771155088e-004	-1.000000e-002	-4.588121e-002
5.164920396155088e-004	-1.000000e-002	-4.135747e-002
5.174686021155088e-004	-1.000000e-002	-3.709782e-002
5.184451646155088e-004	-1.000000e-002	-3.308693e-002
5.194217271155088e-004	-1.000000e-002	-2.931032e-002
5.203982896155088e-004	-1.000000e-002	-2.575438e-002
5.213748521155088e-004	-1.000000e-002	-2.240628e-002
5.223514146155088e-004	-1.000000e-002	-1.925393e-002
5.233279771155088e-004	-1.000000e-002	-1.628596e-002
5.243045396155088e-004	-1.000000e-002	-1.349165e-002
5.252811021155088e-004	-1.000000e-002	-1.086090e-002
5.262576646155088e-004	-1.000000e-002	-8.384200e-003
5.272342271155088e-004	-1.000000e-002	-6.052601e-003
5.282107896155088e-004	-1.000000e-002	-3.857664e-003
5.291873521155088e-004	-1.000000e-002	-1.791445e-003
5.301639146155088e-004	-1.000000e-002	1.535399e-004
5.311404771155088e-004	-1.000000e-002	1.984339e-003
5.321170396155088e-004	-1.000000e-002	3.707589e-003
5.330936021155088e-004	-1.000000e-002	5.329545e-003
5.340701646155088e-004	-1.000000e-002	6.856093e-003
5.350467271155088e-004	-1.000000e-002	8.292783e-003
5.360232896155088e-004	-1.000000e-002	9.644836e-003
5.369998521155088e-004	-1.000000e-002	1.091718e-002
5.389529771155088e-004	-1.000000e-002	1.324098e-002
5.409061021155088e-004	-1.000000e-002	1.529813e-002
5.428592271155088e-004	-1.000000e-002	1.711873e-002
5.448123521155088e-004	-1.000000e-002	1.872949e-002
5.467654771155088e-004	-1.000000e-002	2.015410e-002
5.487186021155088e-004	-1.000000e-002	2.141358e-002
5.506717271155088e-004	-1.000000e-002	2.252657e-002
5.536014146155088e-004	-1.000000e-002	2.395707e-002
5.565311021155088e-004	-1.000000e-002	2.514293e-002
5.594607896155088e-004	-1.000000e-002	2.612439e-002
5.623904771155089e-004	-1.000000e-002	2.693509e-002
5.653201646155089e-004	-1.000000e-002	2.760313e-002
5.682498521155089e-004	-1.000000e-002	2.815198e-002
5.711795396155089e-004	-1.000000e-002	2.860126e-002
5.741092271155089e-004	-1.000000e-002	2.896737e-002
5.764808789012232e-004	-1.000000e-002	2.920149e-002
5.788525306869375e-004	-1.000000e-002	2.940767e-002
5.812241824726518e-004	-1.000000e-002	2.958590e-002
5.835958342583660e-004	-1.000000e-002	2.973618e-002
5.859674860440803e-004	-1.000000e-002	2.985851e-002
5.883391378297946e-004	-1.000000e-002	2.995289e-002
5.907107896155089e-004	-1.000000e-002	3.001932e-002
5.919027393132934e-004	-1.000000e-002	3.005046e-002
5.930946890110779e-004	-1.000000e-002	3.007843e-002
5.942866387088624e-004	-1.000000e-002	3.010322e-002
5.954785884066470e-004	-1.000000e-002	3.012483e-002
5.966705381044315e-004	-1.000000e-002	3.014327e-002
5.978624878022159e-004	-1.000000e-002	3.015853e-002
5.990544375000004e-004	-1.000000e-002	3.017062e-002
5.990864375000009e-004	-1.000000e-002	3.017092e-002
6.000000000000001e-004	-1.000000e-002	3.017872e-002
6.000000999999997e-004	-8.000000e-003	3.020229e-002
6.000002999999989e-004	-4.000000e-003	3.029151e-002
6.000006000000016e-004	2.000000e-003	3.054113e-002
6.000010000000001e-004	1.000000e-002	3.101254e-002
6.000012799999990e-004	1.000000e-002	3.143012e-002
6.000015999999978e-004	1.000000e-002	3.185689e-002
6.000022399999954e-004	1.000000e-002	3.257338e-002
6.000035199999907e-004	1.000000e-002	3.366070e-002
6.000049376052437e-004	1.000000e-002	3.446129e-002
6.000067373728379e-004	1.000000e-002	3.502639e-002
6.000086254414830e-004	1.000000e-002	3.527975e-002
6.000110337447731e-004	1.000000e-002	3.531071e-002
6.000137069161498e-004	1.000000e-002	3.515702e-002
6.000172358259527e-004	1.000000e-002	3.482628e-002
6.000214422591258e-004	1.000000e-002	3.438614e-002
6.000273769780210e-004	1.000000e-002	3.378849e-002
6.000355415510779e-004	1.000000e-002	3.308025e-002
6.000509379967652e-004	1.000000e-002	3.200715e-002
6.000653039171720e-004	1.000000e-002	3.124703e-002
6.000849874635273e-004	1.000000e-002	3.048487e-002
6.001027638612052e-004	1.000000e-002	2.997242e-002
6.001275238113091e-004	1.000000e-002	2.943357e-002
6.001523208407126e-004	1.000000e-002	2.900226e-002
6.001872515089989e-004	1.000000e-002	2.849218e-002
6.002253165847381e-004	1.000000e-002	2.799170e-002
6.002816622128965e-004	1.000000e-002	2.729257e-002
6.006675557307081e-004	1.000000e-002	2.269413e-002
6.010584235130543e-004	1.000000e-002	1.817991e-002
6.018401590777465e-004	1.000000e-002	9.469353e-003
6.028167215777465e-004	1.000000e-002	-9.024364e-004
6.037932840777465e-004	1.000000e-002	-1.069648e-002
6.047698465777465e-004	1.000000e-002	-1.991519e-002
6.057464090777465e-004	1.000000e-002	-2.859200e-002
6.067229715777465e-004	1.000000e-002	-3.675842e-002
6.076995340777465e-004	1.000000e-002	-4.444413e-002
6.086760965777465e-004	1.000000e-002	-5.167707e-002
6.096526590777465e-004	1.000000e-002	-5.848356e-002
6.106292215777465e-004	1.000000e-002	-6.488840e-002
6.125823465777465e-004	1.000000e-002	-7.658519e-002
6.145354715777465e-004	1.000000e-002	-8.693840e-002
6.164885965777465e-004	1.000000e-002	-9.609975e-002
6.184417215777465e-004	1.000000e-002	-1.042038e-001
6.203948465777465e-004	1.000000e-002	-1.113699e-001
6.223479715777465e-004	1.000000e-002	-1.177040e-001
6.243010965777465e-004	1.000000e-002	-1.233000e-001
6.262542215777465e-004	1.000000e-002	-1.282413e-001
6.282073465777465e-004	1.000000e-002	-1.326018e-001
6.301604715777465e-004	1.000000e-002	-1.364471e-001
6.321135965777465e-004	1.000000e-002	-1.398354e-001
6.340667215777465e-004	1.000000e-002	-1.428183e-001
6.360198465777465e-004	1.000000e-002	-1.454415e-001
6.379729715777465e-004	1.000000e-002	-1.477458e-001
6.399260965777465e-004	1.000000e-002	-1.497671e-001
6.418792215777465e-004	1.000000e-002	-1.515375e-001
6.438323465777465e-004	1.000000e-002	-1.530852e-001
6.457854715777465e-004	1.000000e-002	-1.544354e-001
6.477385965777465e-004	1.000000e-002	-1.556105e-001
6.496917215777465e-004	1.000000e-002	-1.566302e-001
6.516448465777465e-004	1.000000e-002	-1.575122e-001
6.535979715777465e-004	1.000000e-002	-1.582719e-001
6.555510965777465e-004	1.000000e-002	-1.589233e-001
6.575042215777466e-004	1.000000e-002	-1.594785e-001
6.594573465777466e-004	1.000000e-002	-1.599485e-001
6.623870340777466e-004	1.000000e-002	-1.605145e-001
6.653167215777466e-004	1.000000e-002	-1.609382e-001
6.682464090777466e-004	1.000000e-002	-1.612432e-001
6.711760965777466e-004	1.000000e-002	-1.614490e-001
6.741057840777466e-004	1.000000e-002	-1.615721e-001
6.770354715777466e-004	1.000000e-002	-1.616262e-001
6.799651590777466e-004	1.000000e-002	-1.616226e-001
6.826158287206037e-004	1.000000e-002	-1.615677e-001
6.852664983634609e-004	1.000000e-002	-1.614901e-001
6.879171680063180e-004	1.000000e-002	-1.613898e-001
6.905678376491752e-004	1.000000e-002	-1.612668e-001
6.932185072920323e-004	1.000000e-002	-1.611212e-001
6.958691769348895e-004	1.000000e-002	-1.609528e-001
6.985198465777466e-004	1.000000e-002	-1.607617e-001
7.000010000000000e-004	1.000000e-002	-1.606545e-001
7.000011000000000e-004	8.000000e-003	-1.606780e-001
7.000013000000000e-004	4.000000e-003	-1.607672e-001
7.000016000000001e-004	-2.000000e-003	-1.610168e-001
7.000020000000000e-004	-1.000000e-002	-1.614882e-001
7.000022800000000e-004	-1.000000e-002	-1.619058e-001
7.000026000000000e-004	-1.000000e-002	-1.623325e-001
7.000032400000001e-004	-1.000000e-002	-1.630489e-001
7.000045200000002e-004	-1.000000e-002	-1.641361e-001
7.000059379663296e-004	-1.000000e-002	-1.649367e-001
7.000077379112748e-004	-1.000000e-002	-1.655016e-001
7.000096264347013e-004	-1.000000e-002	-1.657547e-001
7.000120350956195e-004	-1.000000e-002	-1.657854e-001
7.000147090543770e-004	-1.000000e-002	-1.656314e-001
7.000182388297101e-004	-1.000000e-002	-1.653003e-001
7.000224468654622e-004	-1.000000e-002	-1.648596e-001
7.000283838622447e-004	-1.000000e-002	-1.642613e-001
7.000365532283371e-004	-1.000000e-002	-1.635522e-001
7.000519638537489e-004	-1.000000e-002	-1.624773e-001
7.000663438385409e-004	-1.000000e-002	-1.617157e-001
7.000860224950737e-004	-1.000000e-002	-1.609526e-001
7.001038085124834e-004	-1.000000e-002	-1.604387e-001
7.001285687806944e-004	-1.000000e-002	-1.598981e-001
7.001533821469867e-004	-1.000000e-002	-1.594646e-001
7.001883185651049e-004	-1.000000e-002	-1.589517e-001
7.002264102180843e-004	-1.000000e-002	-1.584479e-001
7.002827762044727e-004	-1.000000e-002	-1.577439e-001
7.013427806675652e-004	-1.000000e-002	-1.454316e-001
7.024027851306578e-004	-1.000000e-002	-1.337778e-001
7.034627895937504e-004	-1.000000e-002	-1.227826e-001
7.045227940568429e-004	-1.000000e-002	-1.124460e-001
7.055827985199355e-004	-1.000000e-002	-1.027680e-001
7.066428029830281e-004	-1.000000e-002	-9.374849e-002
7.077028074461207e-004	-1.000000e-002	-8.538759e-002
7.086793699461207e-004	-1.000000e-002	-7.807643e-002
7.096559324461207e-004	-1.000000e-002	-7.119170e-002
7.106324949461207e-004	-1.000000e-002	-6.470861e-002
7.116090574461207e-004	-1.000000e-002	-5.860382e-002
7.125856199461207e-004	-1.000000e-002	-5.285534e-002
7.135621824461207e-004	-1.000000e-002	-4.744245e-002
7.145387449461207e-004	-1.000000e-002	-4.234564e-002
7.155153074461207e-004	-1.000000e-002	-3.754653e-002
7.164918699461207e-004	-1.000000e-002	-3.302783e-002
7.174684324461207e-004	-1.000000e-002	-2.877322e-002
7.184449949461207e-004	-1.000000e-002	-2.476737e-002
7.194215574461207e-004	-1.000000e-002	-2.099580e-002
7.203981199461207e-004	-1.000000e-002	-1.744489e-002
7.213746824461207e-004	-1.000000e-002	-1.410183e-002
7.223512449461207e-004	-1.000000e-002	-1.095452e-002
7.233278074461207e-004	-1.000000e-002	-7.991578e-003
7.243043699461207e-004	-1.000000e-002	-5.202299e-003
7.252809324461207e-004	-1.000000e-002	-2.576581e-003
7.262574949461207e-004	-1.000000e-002	-1.049140e-004
7.272340574461207e-004	-1.000000e-002	2.221656e-003
7.282106199461207e-004	-1.000000e-002	4.411567e-003
7.291871824461207e-004	-1.000000e-002	6.472761e-003
7.301637449461207e-004	-1.000000e-002	8.412722e-003
7.311403074461207e-004	-1.000000e-002	1.023850e-002
7.321168699461207e-004	-1.000000e-002	1.195673e-002
7.330934324461207e-004	-1.000000e-002	1.357367e-002
7.350465574461207e-004	-1.000000e-002	1.652688e-002
7.369996824461207e-004	-1.000000e-002	1.914125e-002
7.389528074461207e-004	-1.000000e-002	2.145504e-002
7.409059324461207e-004	-1.000000e-002	2.350219e-002
7.428590574461207e-004	-1.000000e-002	2.531280e-002
7.448121824461207e-004	-1.000000e-002	2.691358e-002
7.467653074461207e-004	-1.000000e-002	2.832822e-002
7.487184324461207e-004	-1.000000e-002	2.957774e-002
7.506715574461207e-004	-1.000000e-002	3.068078e-002
7.526246824461207e-004	-1.000000e-002	3.165389e-002
7.555543699461207e-004	-1.000000e-002	3.290157e-002
7.584840574461207e-004	-1.000000e-002	3.393227e-002
7.614137449461207e-004	-1.000000e-002	3.478168e-002
7.643434324461207e-004	-1.000000e-002	3.547964e-002
7.672731199461207e-004	-1.000000e-002	3.605107e-002
7.702028074461207e-004	-1.000000e-002	3.651682e-002
7.731324949461207e-004	-1.000000e-002	3.689427e-002
7.760621824461207e-004	-1.000000e-002	3.719797e-002
7.785733431604064e-004	-1.000000e-002	3.739776e-002
7.810845038746921e-004	-1.000000e-002	3.757051e-002
7.835956645889778e-004	-1.000000e-002	3.771624e-002
7.861068253032636e-004	-1.000000e-002	3.783495e-002
7.886179860175493e-004	-1.000000e-002	3.792662e-002
7.911291467318350e-004	-1.000000e-002	3.799127e-002
7.936403074461207e-004	-1.000000e-002	3.802889e-002
8.000000000000000e-004	-1.000000e-002	3.808541e-002
8.000001000000001e-004	-8.000000e-003	3.810899e-002
8.000003000000000e-004	-4.000000e-003	3.819820e-002
8.000006000000000e-004	2.000000e-003	3.844782e-002
8.000010000000001e-004	1.000000e-002	3.891923e-002
8.000012800000001e-004	1.000000e-002	3.933680e-002
8.000016000000002e-004	1.000000e-002	3.976357e-002
8.000022400000002e-004	1.000000e-002	4.048005e-002
8.000035200000003e-004	1.000000e-002	4.156737e-002
8.000049376317238e-004	1.000000e-002	4.236797e-002
8.000067374129259e-004	1.000000e-002	4.293306e-002
8.000086255148618e-004	1.000000e-002	4.318641e-002
8.000110338431755e-004	1.000000e-002	4.321736e-002
8.000137070688932e-004	1.000000e-002	4.306365e-002
8.000172360345151e-004	1.000000e-002	4.273289e-002
8.000214425716464e-004	1.000000e-002	4.229271e-002
8.000273774285265e-004	1.000000e-002	4.169502e-002
8.000355422914236e-004	1.000000e-002	4.098673e-002
8.000509395422232e-004	1.000000e-002	3.991351e-002
8.000653062227750e-004	1.000000e-002	3.915331e-002
8.000849895108180e-004	1.000000e-002	3.839108e-002
8.001027664289826e-004	1.000000e-002	3.787854e-002
8.001275264163302e-004	1.000000e-002	3.733959e-002
8.001523243337456e-004	1.000000e-002	3.690815e-002
8.001872553294010e-004	1.000000e-002	3.639790e-002
8.002253218346901e-004	1.000000e-002	3.589721e-002
8.002816685570520e-004	1.000000e-002	3.519779e-002
8.007833448974022e-004	1.000000e-002	2.928200e-002
8.012850212377524e-004	1.000000e-002	2.352826e-002
8.017866975781027e-004	1.000000e-002	1.793657e-002
8.022883739184529e-004	1.000000e-002	1.250694e-002
8.027900502588031e-004	1.000000e-002	7.239349e-003
8.032917265991534e-004	1.000000e-002	2.133813e-003
8.037934029395036e-004	1.000000e-002	-2.809673e-003
8.047699654395036e-004	1.000000e-002	-1.203312e-002
8.057465279395036e-004	1.000000e-002	-2.071468e-002
8.067230904395036e-004	1.000000e-002	-2.888585e-002
8.076996529395036e-004	1.000000e-002	-3.657631e-002
8.086762154395036e-004	1.000000e-002	-4.381400e-002
8.096527779395036e-004	1.000000e-002	-5.062524e-002
8.106293404395036e-004	1.000000e-002	-5.703483e-002
8.116059029395036e-004	1.000000e-002	-6.306612e-002
8.135590279395036e-004	1.000000e-002	-7.408050e-002
8.155121529395036e-004	1.000000e-002	-8.382943e-002
8.174652779395036e-004	1.000000e-002	-9.245579e-002
8.194184029395036e-004	1.000000e-002	-1.000863e-001
8.213715279395036e-004	1.000000e-002	-1.068335e-001
8.233246529395036e-004	1.000000e-002	-1.127969e-001
8.252777779395036e-004	1.000000e-002	-1.180653e-001
8.272309029395036e-004	1.000000e-002	-1.227169e-001
8.291840279395036e-004	1.000000e-002	-1.268216e-001
8.311371529395036e-004	1.000000e-002	-1.304410e-001
8.330902779395036e-004	1.000000e-002	-1.336299e-001
8.350434029395036e-004	1.000000e-002	-1.364370e-001
8.369965279395036e-004	1.000000e-002	-1.389054e-001
8.389496529395037e-004	1.000000e-002	-1.410734e-001
8.409027779395037e-004	1.000000e-002	-1.429748e-001
8.428559029395037e-004	1.000000e-002	-1.446399e-001
8.448090279395037e-004	1.000000e-002	-1.460953e-001
8.467621529395037e-004	1.000000e-002	-1.473647e-001
8.487152779395037e-004	1.000000e-002	-1.484692e-001
8.506684029395037e-004	1.000000e-002	-1.494273e-001
8.526215279395037e-004	1.000000e-002	-1.502556e-001
8.545746529395037e-004	1.000000e-002	-1.509689e-001
8.565277779395037e-004	1.000000e-002	-1.515801e-001
8.584809029395037e-004	1.000000e-002	-1.521007e-001
8.614105904395037e-004	1.000000e-002	-1.527340e-001
8.643402779395037e-004	1.000000e-002	-1.532163e-001
8.672699654395037e-004	1.000000e-002	-1.535724e-001
8.701996529395037e-004	1.000000e-002	-1.538231e-001
8.731293404395037e-004	1.000000e-002	-1.539860e-001
8.760590279395037e-004	1.000000e-002	-1.540755e-001
8.789887154395037e-004	1.000000e-002	-1.541038e-001
8.814998761537894e-004	1.000000e-002	-1.540778e-001
8.840110368680751e-004	1.000000e-002	-1.540295e-001
8.865221975823608e-004	1.000000e-002	-1.539589e-001
8.890333582966466e-004	1.000000e-002	-1.538661e-001
8.915445190109323e-004	1.000000e-002	-1.537509e-001
8.940556797252180e-004	1.000000e-002	-1.536135e-001
8.965668404395037e-004	1.000000e-002	-1.534538e-001
9.000010000000001e-004	1.000000e-002	-1.532269e-001
9.000011000000001e-004	8.000000e-003	-1.532505e-001
9.000013000000001e-004	4.000000e-003	-1.533397e-001
9.000016000000002e-004	-2.000000e-003	-1.535893e-001
9.000020000000000e-004	-1.000000e-002	-1.540606e-001
9.000022800000000e-004	-1.000000e-002	-1.544782e-001
9.000025999999999e-004	-1.000000e-002	-1.549049e-001
9.000032399999997e-004	-1.000000e-002	-1.556213e-001
9.000045199999995e-004	-1.000000e-002	-1.567085e-001
9.000059379500951e-004	-1.000000e-002	-1.575091e-001
9.000077378876110e-004	-1.000000e-002	-1.580741e-001
9.000096263905256e-004	-1.000000e-002	-1.583272e-001
9.000120350342450e-004	-1.000000e-002	-1.583579e-001
9.000147089545639e-004	-1.000000e-002	-1.582039e-001
9.000182386841488e-004	-1.000000e-002	-1.578728e-001
9.000224466359606e-004	-1.000000e-002	-1.574322e-001
9.000283835046998e-004	-1.000000e-002	-1.568340e-001
9.000365525999452e-004	-1.000000e-002	-1.561249e-001
9.000519623629112e-004	-1.000000e-002	-1.550501e-001
9.000663414432418e-004	-1.000000e-002	-1.542885e-001
9.000860204626277e-004	-1.000000e-002	-1.535255e-001
9.001038058654854e-004	-1.000000e-002	-1.530117e-001
9.001285661611847e-004	-1.000000e-002	-1.524712e-001
9.001533784792303e-004	-1.000000e-002	-1.520378e-001
9.001883145815286e-004	-1.000000e-002	-1.515251e-001
9.002264045276885e-004	-1.000000e-002	-1.510214e-001
9.002827692706100e-004	-1.000000e-002	-1.503178e-001
9.013427536624963e-004	-1.000000e-002	-1.380106e-001
9.024027380543828e-004	-1.000000e-002	-1.263619e-001
9.034627224462691e-004	-1.000000e-002	-1.153718e-001
9.045227068381554e-004	-1.000000e-002	-1.050403e-001
9.055826912300418e-004	-1.000000e-002	-9.536724e-002
9.066426756219282e-004	-1.000000e-002	-8.635277e-002
9.077026600138146e-004	-1.000000e-002	-7.799684e-002
9.086792225138146e-004	-1.000000e-002	-7.069013e-002
9.096557850138146e-004	-1.000000e-002	-6.380984e-002
9.106323475138146e-004	-1.000000e-002	-5.733120e-002
9.116089100138146e-004	-1.000000e-002	-5.123086e-002
9.125854725138146e-004	-1.000000e-002	-4.548682e-002
9.135620350138146e-004	-1.000000e-002	-4.007838e-002
9.145385975138146e-004	-1.000000e-002	-3.498602e-002
9.155151600138146e-004	-1.000000e-002	-3.019136e-002
9.164917225138146e-004	-1.000000e-002	-2.567710e-002
9.174682850138146e-004	-1.000000e-002	-2.142695e-002
9.184448475138146e-004	-1.000000e-002	-1.742554e-002
9.194214100138146e-004	-1.000000e-002	-1.365842e-002
9.203979725138146e-004	-1.000000e-002	-1.011196e-002
9.213745350138146e-004	-1.000000e-002	-6.773335e-003
9.223510975138146e-004	-1.000000e-002	-3.630468e-003
9.233276600138146e-004	-1.000000e-002	-6.719749e-004
9.243042225138146e-004	-1.000000e-002	2.112863e-003
9.252807850138146e-004	-1.000000e-002	4.734141e-003
9.262573475138146e-004	-1.000000e-002	7.201368e-003
9.272339100138146e-004	-1.000000e-002	9.523502e-003
9.282104725138146e-004	-1.000000e-002	1.170897e-002
9.291870350138146e-004	-1.000000e-002	1.376573e-002
9.301635975138146e-004	-1.000000e-002	1.570126e-002
9.321167225138146e-004	-1.000000e-002	1.923641e-002
9.340698475138146e-004	-1.000000e-002	2.236603e-002
9.360229725138146e-004	-1.000000e-002	2.513590e-002
9.379760975138146e-004	-1.000000e-002	2.758664e-002
9.399292225138146e-004	-1.000000e-002	2.975429e-002
9.418823475138146e-004	-1.000000e-002	3.167081e-002
9.438354725138146e-004	-1.000000e-002	3.336455e-002
9.457885975138146e-004	-1.000000e-002	3.486066e-002
9.477417225138146e-004	-1.000000e-002	3.618148e-002
9.496948475138146e-004	-1.000000e-002	3.734678e-002
9.516479725138146e-004	-1.000000e-002	3.837413e-002
9.545776600138146e-004	-1.000000e-002	3.969011e-002
9.575073475138146e-004	-1.000000e-002	4.077572e-002
9.604370350138146e-004	-1.000000e-002	4.166888e-002
9.633667225138146e-004	-1.000000e-002	4.240125e-002
9.662964100138146e-004	-1.000000e-002	4.299930e-002
9.692260975138146e-004	-1.000000e-002	4.348515e-002
9.721557850138146e-004	-1.000000e-002	4.387727e-002
9.750854725138146e-004	-1.000000e-002	4.419111e-002
9.774571242995287e-004	-1.000000e-002	4.438659e-002
9.798287760852428e-004	-1.000000e-002	4.455577e-002
9.822004278709569e-004	-1.000000e-002	4.469867e-002
9.845720796566708e-004	-1.000000e-002	4.481528e-002
9.869437314423849e-004	-1.000000e-002	4.490560e-002
9.893153832280989e-004	-1.000000e-002	4.496964e-002
9.916870350138130e-004	-1.000000e-002	4.500738e-002
9.928743157261255e-004	-1.000000e-002	4.502410e-002
9.940615964384380e-004	-1.000000e-002	4.503789e-002
9.952488771507505e-004	-1.000000e-002	4.504875e-002
9.964361578630628e-004	-1.000000e-002	4.505668e-002
9.976234385753752e-004	-1.000000e-002	4.506168e-002
9.988107192876877e-004	-1.000000e-002	4.506374e-002
9.999980000000002e-004	-1.000000e-002	4.506288e-002
9.999990000000001e-004	-1.000000e-002	4.506288e-002
1.000000000000000e-003	-1.000000e-002	4.506288e-002
