0.000000000000000e+000	0.000000e+000
1.000000000000000e-003	0.000000e+000
1.000002712500031e-003	6.044843e-011
1.000008137500093e-003	3.242202e-010
1.000010459370916e-003	5.870792e-010
1.000013477748593e-003	1.268552e-009
1.000016600728492e-003	2.519382e-009
1.000020046004843e-003	4.831081e-009
1.000023353548920e-003	8.455610e-009
1.000027495166108e-003	1.565110e-008
1.000031948933347e-003	2.787603e-008
1.000037402324082e-003	5.141866e-008
1.000043455563114e-003	9.257830e-008
1.000050721939297e-003	1.702233e-007
1.000058938404879e-003	3.083209e-007
1.000068682014566e-003	5.578055e-007
1.000077750009529e-003	9.027012e-007
1.000087673484726e-003	1.450031e-006
1.000098503930346e-003	2.220464e-006
1.000100000000000e-003	2.346145e-006
1.000103692597139e-003	2.718995e-006
1.000108616059991e-003	3.290898e-006
1.000117239794318e-003	4.541032e-006
1.000133334031359e-003	7.599683e-006
1.000148266644074e-003	1.151132e-005
1.000168862802982e-003	1.896345e-005
1.000189180302081e-003	2.909056e-005
1.000215401093979e-003	4.697472e-005
1.000243046376467e-003	7.267771e-005
1.000277380719890e-003	1.160024e-004
1.000315093193562e-003	1.804027e-004
1.000360876931426e-003	2.858510e-004
1.000412494387992e-003	4.457252e-004
1.000474398727371e-003	7.026324e-004
1.000545474817476e-003	1.096247e-003
1.000630363070175e-003	1.720190e-003
1.000729377392438e-003	2.679210e-003
1.000848133580223e-003	4.179721e-003
1.000989402880470e-003	6.473604e-003
1.001161964634749e-003	9.990832e-003
1.001375273377044e-003	1.522656e-002
1.001652295368578e-003	2.277280e-002
1.001982103756809e-003	3.133471e-002
1.002337778941369e-003	3.784257e-002
1.002685616039034e-003	3.886928e-002
1.003042632972035e-003	3.246953e-002
1.003351841215640e-003	2.033187e-002
1.003548248632724e-003	8.694848e-003
1.003819340599312e-003	-1.168661e-002
1.004079589965115e-003	-3.400153e-002
1.004453146744821e-003	-6.738354e-002
1.004808499479974e-003	-9.678997e-002
1.005066083022429e-003	-1.136640e-001
1.005334609871687e-003	-1.244034e-001
1.005606210855357e-003	-1.258431e-001
1.005993293942289e-003	-1.111647e-001
1.006406174322473e-003	-7.722286e-002
1.006728480080963e-003	-3.830471e-002
1.006987667703847e-003	-3.343875e-004
1.007260321495645e-003	4.261844e-002
1.007538052561368e-003	8.572151e-002
1.007844344660802e-003	1.273519e-001
1.008274639178831e-003	1.708384e-001
1.008616252505363e-003	1.897515e-001
1.008871785252489e-003	1.909500e-001
1.009125372111541e-003	1.804797e-001
1.009376569260296e-003	1.588106e-001
1.009796623134395e-003	1.054741e-001
1.010175718402816e-003	4.645213e-002
1.010427112345471e-003	3.552782e-003
1.010680518103715e-003	-3.941448e-002
1.010935459461387e-003	-7.854062e-002
1.011308437502497e-003	-1.242121e-001
1.011729149774287e-003	-1.581184e-001
1.012047621514290e-003	-1.685516e-001
1.012332144808912e-003	-1.647728e-001
1.012640711471816e-003	-1.490820e-001
1.012935744346060e-003	-1.257528e-001
1.013139481715984e-003	-1.055325e-001
1.013415703089306e-003	-7.491934e-002
1.013668997222982e-003	-4.604586e-002
1.013944729767870e-003	-1.537883e-002
1.014152461541895e-003	5.921448e-003
1.014393464484726e-003	2.718697e-002
1.014720887670961e-003	4.933082e-002
1.015166496974565e-003	6.827027e-002
1.015581896633615e-003	7.571159e-002
1.015881767025814e-003	7.520372e-002
1.016119667085136e-003	7.191980e-002
1.016318705529436e-003	6.794909e-002
1.016457646685563e-003	6.475191e-002
1.016650733504255e-003	6.006811e-002
1.016854607319361e-003	5.518626e-002
1.017148631491691e-003	4.859324e-002
1.017415251142900e-003	4.330434e-002
1.017742909943604e-003	3.765369e-002
1.017911849519559e-003	3.504848e-002
1.018102530369750e-003	3.227678e-002
1.018293608926792e-003	2.940908e-002
1.018569685804231e-003	2.477188e-002
1.018854565097634e-003	1.904013e-002
1.019133119540378e-003	1.207797e-002
1.019448832109106e-003	2.310590e-003
1.019871325402618e-003	-1.302009e-002
1.020202456935854e-003	-2.612523e-002
1.020457909699527e-003	-3.637619e-002
1.020667029974032e-003	-4.423737e-002
1.020920651979212e-003	-5.242221e-002
1.021213588386278e-003	-5.926755e-002
1.021579560344831e-003	-6.333008e-002
1.021911617590209e-003	-6.210703e-002
1.022250753282493e-003	-5.550109e-002
1.022631839647165e-003	-4.288227e-002
1.022970666846704e-003	-2.830794e-002
1.023289508782195e-003	-1.292782e-002
1.023524294720470e-003	-1.482958e-003
1.023763109842307e-003	9.460839e-003
1.024002730908200e-003	1.919809e-002
1.024207355097779e-003	2.611198e-002
1.024414691560364e-003	3.145546e-002
1.024636691774262e-003	3.495898e-002
1.024998675754350e-003	3.647122e-002
1.025386429779297e-003	3.365195e-002
1.025733777551199e-003	2.785485e-002
1.026045781870892e-003	2.105640e-002
1.026384657451256e-003	1.344472e-002
1.026667075632096e-003	7.858671e-003
1.026906108956782e-003	4.266841e-003
1.027130475468957e-003	2.203010e-003
1.027373875826708e-003	1.464934e-003
1.027611520163473e-003	2.236797e-003
1.027890327922826e-003	4.717275e-003
1.028133923107343e-003	7.930263e-003
1.028399931832653e-003	1.207411e-002
1.028724313479104e-003	1.699906e-002
1.029052051740530e-003	2.087840e-002
1.029348117352282e-003	2.246425e-002
1.029685124846434e-003	2.108627e-002
1.030110801230986e-003	1.480673e-002
1.030481580176093e-003	5.712651e-003
1.030735215420568e-003	-2.396940e-003
1.031006798400523e-003	-1.215236e-002
1.031279649618790e-003	-2.206216e-002
1.031616181455371e-003	-3.310008e-002
1.032036357418040e-003	-4.366849e-002
1.032399694803527e-003	-4.878193e-002
1.032715215380878e-003	-4.912220e-002
1.033037674495934e-003	-4.537068e-002
1.033373386231233e-003	-3.778509e-002
1.033654223119570e-003	-2.899872e-002
1.033939575906267e-003	-1.839929e-002
1.034246369197103e-003	-6.174550e-003
1.034456537338126e-003	2.211398e-003
1.034707593915812e-003	1.163299e-002
1.035010480748347e-003	2.137280e-002
1.035436050914821e-003	3.174402e-002
1.035785666210001e-003	3.703535e-002
1.036088034748804e-003	3.878038e-002
1.036381658856728e-003	3.815570e-002
1.036699472903880e-003	3.545446e-002
1.037043754746943e-003	3.093344e-002
1.037346175171653e-003	2.612312e-002
1.037547522191610e-003	2.268027e-002
1.037797106743655e-003	1.841092e-002
1.038093774489559e-003	1.361907e-002
1.038535502170070e-003	7.114350e-003
1.038844514085169e-003	3.042378e-003
1.039189982393780e-003	-1.088163e-003
1.039584347203384e-003	-5.634702e-003
1.039992698374193e-003	-1.042947e-002
1.040392104588286e-003	-1.532599e-002
1.040713046956589e-003	-1.936023e-002
1.041005232796470e-003	-2.293025e-002
1.041303293659543e-003	-2.614126e-002
1.041664475799368e-003	-2.891229e-002
1.042109292033071e-003	-3.013305e-002
1.042522161479957e-003	-2.858621e-002
1.042899854587543e-003	-2.467214e-002
1.043135187966540e-003	-2.085594e-002
1.043416120414266e-003	-1.494405e-002
1.043775340418728e-003	-6.230290e-003
1.044007230310159e-003	-1.593553e-004
1.044293927900765e-003	7.451475e-003
1.044585572205658e-003	1.469905e-002
1.044945291994196e-003	2.226611e-002
1.045330985089202e-003	2.795615e-002
1.045782870668213e-003	3.116715e-002
1.046117126655130e-003	3.091682e-002
1.046436501791667e-003	2.843023e-002
1.046757499958987e-003	2.418029e-002
1.047202422614944e-003	1.663149e-002
1.047590212116892e-003	9.415503e-003
1.047859562242179e-003	4.439748e-003
1.048100587195864e-003	3.306692e-004
1.048330920243287e-003	-3.080683e-003
1.048639251822163e-003	-6.665176e-003
1.049103564598108e-003	-1.024138e-002
1.049630443688813e-003	-1.223290e-002
1.050123389869710e-003	-1.263873e-002
1.050590973312805e-003	-1.238592e-002
1.050975680554334e-003	-1.214559e-002
1.051317634091780e-003	-1.208580e-002
1.051670620988183e-003	-1.214857e-002
1.052105424570731e-003	-1.210179e-002
1.052591575737575e-003	-1.151843e-002
1.052917832692928e-003	-1.053615e-002
1.053177344332327e-003	-9.198905e-003
1.053423702301574e-003	-7.361137e-003
1.053821505318238e-003	-3.492531e-003
1.054179672086640e-003	6.903035e-004
1.054548922764868e-003	5.460484e-003
1.054932988287968e-003	1.039434e-002
1.055295961728852e-003	1.455488e-002
1.055624269249769e-003	1.737580e-002
1.056063089746369e-003	1.946836e-002
1.056423151953800e-003	1.959139e-002
1.056794317684490e-003	1.800886e-002
1.057183108345112e-003	1.483140e-002
1.057575551043324e-003	1.050927e-002
1.057824597194533e-003	7.351968e-003
1.058141400053033e-003	3.148166e-003
1.058415108955314e-003	-3.796585e-004
1.058715688192843e-003	-3.917350e-003
1.059048030154376e-003	-7.145572e-003
1.059552285632480e-003	-1.060773e-002
1.060082003127101e-003	-1.258078e-002
1.060548082894952e-003	-1.297196e-002
1.060968261523536e-003	-1.244907e-002
1.061403456758902e-003	-1.136411e-002
1.061765925198135e-003	-1.020669e-002
1.062042398959466e-003	-9.194585e-003
1.062381902358123e-003	-7.811754e-003
1.062713046536424e-003	-6.309001e-003
1.062980922391895e-003	-4.929074e-003
1.063305466711750e-003	-3.013382e-003
1.063675047698190e-003	-5.099660e-004
1.064167081893490e-003	3.214180e-003
1.064605182074180e-003	6.709544e-003
1.064925541884057e-003	9.209104e-003
1.065236180551674e-003	1.137754e-002
1.065549066570661e-003	1.307239e-002
1.065965050067253e-003	1.439022e-002
1.066351691113566e-003	1.449935e-002
1.066751446989418e-003	1.326468e-002
1.067210993493351e-003	1.044231e-002
1.067531892958617e-003	7.680655e-003
1.067878181010799e-003	4.129306e-003
1.068221546923296e-003	3.906334e-004
1.068524035702673e-003	-2.856706e-003
1.068828082024281e-003	-5.799762e-003
1.069262265620592e-003	-9.132948e-003
1.069762119711463e-003	-1.161997e-002
1.070177593612349e-003	-1.243988e-002
1.070527619027464e-003	-1.214675e-002
1.070921215359785e-003	-1.095898e-002
1.071286204089990e-003	-9.292428e-003
1.071665046364950e-003	-7.195603e-003
1.071962792623963e-003	-5.424800e-003
1.072235074387582e-003	-3.793097e-003
1.072492148591515e-003	-2.305101e-003
1.072792078343413e-003	-6.767747e-004
1.073135490340269e-003	1.018995e-003
1.073585848478166e-003	2.980463e-003
1.074101449655021e-003	4.908935e-003
1.074632896337032e-003	6.582890e-003
1.074997424361101e-003	7.515673e-003
1.075329344893349e-003	8.147703e-003
1.075667212209301e-003	8.500427e-003
1.076129481440596e-003	8.438029e-003
1.076604553553775e-003	7.688595e-003
1.077002126743298e-003	6.464903e-003
1.077283007196093e-003	5.219344e-003
1.077614351322848e-003	3.397528e-003
1.077945437337830e-003	1.339431e-003
1.078221401536990e-003	-4.890864e-004
1.078550030956145e-003	-2.664788e-003
1.078923185755323e-003	-4.919087e-003
1.079403990375455e-003	-7.259203e-003
1.079838518542822e-003	-8.603765e-003
1.080297558194505e-003	-9.083473e-003
1.080670168802816e-003	-8.737071e-003
1.081047290925964e-003	-7.722660e-003
1.081489956023655e-003	-5.967953e-003
1.081813764574635e-003	-4.421980e-003
1.082071126048762e-003	-3.088442e-003
1.082337122846579e-003	-1.699497e-003
1.082671155143970e-003	-2.934605e-005
1.083028595733920e-003	1.588989e-003
1.083429419335155e-003	3.079051e-003
1.084069947568608e-003	4.793289e-003
1.084700406092969e-003	5.814126e-003
1.085126391566061e-003	6.076221e-003
1.085593944880937e-003	5.973931e-003
1.086040189504014e-003	5.551309e-003
1.086492542169475e-003	4.800661e-003
1.086842552651303e-003	3.984425e-003
1.087163498590305e-003	3.032197e-003
1.087533492861854e-003	1.733929e-003
1.087891372517957e-003	3.235337e-004
1.088284670512589e-003	-1.324996e-003
1.088687015773144e-003	-2.998622e-003
1.089070063394005e-003	-4.458705e-003
1.089421539727731e-003	-5.565071e-003
1.089776492265041e-003	-6.342977e-003
1.090169216499967e-003	-6.745397e-003
1.090548226874895e-003	-6.639609e-003
1.090935580331985e-003	-6.002720e-003
1.091397708794127e-003	-4.695879e-003
1.091756573377535e-003	-3.363929e-003
1.092073429775135e-003	-2.014682e-003
1.092406438973243e-003	-5.364940e-004
1.092691837279060e-003	7.069996e-004
1.092959661420174e-003	1.776093e-003
1.093406520421441e-003	3.261728e-003
1.093921023198188e-003	4.491501e-003
1.094397234438022e-003	5.113031e-003
1.094794099224536e-003	5.217788e-003
1.095197493857807e-003	4.973536e-003
1.095603784724037e-003	4.447286e-003
1.096049417889873e-003	3.638979e-003
1.096378869926808e-003	2.920608e-003
1.096730749598296e-003	2.065479e-003
1.097080921189090e-003	1.163333e-003
1.097401989175819e-003	3.104947e-004
1.097859302314901e-003	-9.016015e-004
1.098352550578734e-003	-2.148229e-003
1.098792392821041e-003	-3.147556e-003
1.099147160864775e-003	-3.815353e-003
1.099496178120440e-003	-4.297938e-003
1.099847654175099e-003	-4.565087e-003
1.100260399323866e-003	-4.571268e-003
1.100681441555330e-003	-4.215680e-003
1.101174968446712e-003	-3.382480e-003
1.101554230476614e-003	-2.477951e-003
1.101880257475827e-003	-1.538847e-003
1.102183847855315e-003	-5.879471e-004
1.102455351095727e-003	2.805722e-004
1.102755370143693e-003	1.204498e-003
1.103153064245496e-003	2.287669e-003
1.103647524326113e-003	3.327459e-003
1.104150340346400e-003	3.967970e-003
1.104591524741261e-003	4.134401e-003
1.104976667418410e-003	3.962856e-003
1.105366118218236e-003	3.520605e-003
1.105836527797668e-003	2.747721e-003
1.106168037003162e-003	2.091893e-003
1.106475952483705e-003	1.424764e-003
1.106775349456763e-003	7.615684e-004
1.107150666309015e-003	-5.165155e-005
1.107560945425483e-003	-8.774619e-004
1.108057727545151e-003	-1.732774e-003
1.108709288787080e-003	-2.609825e-003
1.109135434756167e-003	-2.996956e-003
1.109526172809333e-003	-3.169345e-003
1.109926093556283e-003	-3.160138e-003
1.110387280796103e-003	-2.915279e-003
1.110895636787672e-003	-2.392025e-003
1.111269317107800e-003	-1.844792e-003
1.111555298419629e-003	-1.329152e-003
1.111872064579466e-003	-6.885152e-004
1.112227639250736e-003	7.108966e-005
1.112625501369830e-003	9.183059e-004
1.113031065207604e-003	1.713005e-003
1.113471189007913e-003	2.427349e-003
1.113878744151431e-003	2.891669e-003
1.114289440904521e-003	3.123803e-003
1.114677366702310e-003	3.110402e-003
1.115072257945316e-003	2.866602e-003
1.115490126297192e-003	2.397673e-003
1.115886222241261e-003	1.803009e-003
1.116173896469809e-003	1.300215e-003
1.116488652263952e-003	7.124054e-004
1.116841951351686e-003	5.206556e-005
1.117230925312740e-003	-6.362684e-004
1.117607294909794e-003	-1.212010e-003
1.118193490274054e-003	-1.903368e-003
1.118699948098953e-003	-2.289459e-003
1.119131722732239e-003	-2.423075e-003
1.119579739757140e-003	-2.378129e-003
1.120010671376434e-003	-2.173027e-003
1.120515084050660e-003	-1.770785e-003
1.120867321947240e-003	-1.398784e-003
1.121229884235950e-003	-9.426660e-004
1.121632989377744e-003	-3.849901e-004
1.122009632132575e-003	1.589703e-004
1.122419096880476e-003	7.393156e-004
1.122914011084166e-003	1.380311e-003
1.123306823480549e-003	1.803442e-003
1.123677406572422e-003	2.092237e-003
1.124053061408491e-003	2.248700e-003
1.124501777904506e-003	2.254845e-003
1.124907110101702e-003	2.086297e-003
1.125374450754838e-003	1.703241e-003
1.125789094278909e-003	1.235455e-003
1.126099548973539e-003	8.191858e-004
1.126459055506548e-003	2.995955e-004
1.126728140172511e-003	-9.228487e-005
1.127068007209000e-003	-5.640520e-004
1.127461174426304e-003	-1.039155e-003
1.128014863957100e-003	-1.551177e-003
1.128507843381858e-003	-1.822522e-003
1.129019087181287e-003	-1.894278e-003
1.129480106328816e-003	-1.789353e-003
1.129898581482700e-003	-1.564561e-003
1.130327473011092e-003	-1.238886e-003
1.130616408407735e-003	-9.750249e-004
1.131006831763627e-003	-5.800211e-004
1.131389116685648e-003	-1.771721e-004
1.131743364142771e-003	1.961674e-004
1.132081428317682e-003	5.309121e-004
1.132661725327380e-003	1.036022e-003
1.133108432358577e-003	1.346868e-003
1.133488562734394e-003	1.526065e-003
1.133878725549828e-003	1.613564e-003
1.134315025156118e-003	1.595679e-003
1.134743324933053e-003	1.455131e-003
1.135254030382594e-003	1.153062e-003
1.135601986415138e-003	8.750862e-004
1.135888598633545e-003	6.030056e-004
1.136225788685181e-003	2.560180e-004
1.136515933605162e-003	-5.016844e-005
1.136887558386911e-003	-4.315665e-004
1.137283794112463e-003	-7.926704e-004
1.137839226504023e-003	-1.191180e-003
1.138292465702574e-003	-1.396083e-003
1.138751479701729e-003	-1.466621e-003
1.139154179489016e-003	-1.415611e-003
1.139561758654304e-003	-1.258384e-003
1.140053417966813e-003	-9.704510e-004
1.140369260882566e-003	-7.402302e-004
1.140724083057268e-003	-4.499494e-004
1.141081757335076e-003	-1.465209e-004
1.141396364675240e-003	1.178376e-004
1.141705922736494e-003	3.605572e-004
1.142217022260392e-003	7.037842e-004
1.142810841565661e-003	1.008921e-003
1.143242291102720e-003	1.144290e-003
1.143692174452280e-003	1.190319e-003
1.144126749498085e-003	1.148028e-003
1.144566130142014e-003	1.018898e-003
1.145058957113156e-003	7.917323e-004
1.145402286664322e-003	5.895159e-004
1.145682167639581e-003	3.994904e-004
1.145991778396060e-003	1.741694e-004
1.146288720947223e-003	-4.708624e-005
1.146670529854892e-003	-3.244145e-004
1.147102475561638e-003	-6.085883e-004
1.147569999972721e-003	-8.608206e-004
1.147975082516653e-003	-1.013144e-003
1.148387559817730e-003	-1.088040e-003
1.148823517662192e-003	-1.079515e-003
1.149230061161296e-003	-9.896291e-004
1.149693289844208e-003	-8.057395e-004
1.150066733531098e-003	-6.078847e-004
1.150406222870230e-003	-3.976096e-004
1.150736526015618e-003	-1.789638e-004
1.151053472100384e-003	3.240080e-005
1.151413789458663e-003	2.609654e-004
1.151831008287284e-003	4.912019e-004
1.152406843440217e-003	7.374389e-004
1.152866990597145e-003	8.624776e-004
1.153292648264128e-003	9.055404e-004
1.153722843881376e-003	8.812637e-004
1.154143208304452e-003	7.950664e-004
1.154649985375519e-003	6.285434e-004
1.154983126630888e-003	4.875936e-004
1.155338520494379e-003	3.132497e-004
1.155735826575851e-003	1.049453e-004
1.156054581685497e-003	-6.509463e-005
1.156412425716268e-003	-2.484645e-004
1.156901745244040e-003	-4.724601e-004
1.157369167797836e-003	-6.458559e-004
1.157764274445089e-003	-7.466684e-004
1.158168655160612e-003	-7.961419e-004
1.158600237940102e-003	-7.890377e-004
1.159018011240502e-003	-7.221581e-004
1.159500737816560e-003	-5.829255e-004
1.159865512532506e-003	-4.414114e-004
1.160179940249644e-003	-2.972567e-004
1.160557992869094e-003	-1.104000e-004
1.160850489545085e-003	3.639531e-005
1.161207103073129e-003	2.081703e-004
1.161622515423445e-003	3.834445e-004
1.162189651476740e-003	5.693518e-004
1.162643372442658e-003	6.614880e-004
1.163107995392414e-003	6.905713e-004
1.163568666583418e-003	6.594481e-004
1.163983334421077e-003	5.822618e-004
1.164450583237322e-003	4.524878e-004
1.164746728814814e-003	3.510988e-004
1.165107506979635e-003	2.123384e-004
1.165493023884303e-003	5.750243e-005
1.165841400412427e-003	-8.196311e-005
1.166175660676978e-003	-2.067321e-004
1.166720676360738e-003	-3.820890e-004
1.167200766660208e-003	-5.012277e-004
1.167603416608744e-003	-5.637928e-004
1.168016404775959e-003	-5.865390e-004
1.168476869051479e-003	-5.656426e-004
1.168899926924856e-003	-5.026986e-004
1.169453107101255e-003	-3.709827e-004
1.169809317019464e-003	-2.626668e-004
1.170147052706075e-003	-1.450941e-004
1.170471667626345e-003	-2.653222e-005
1.170830559102348e-003	1.038339e-004
1.171188945109613e-003	2.239147e-004
1.171729265995958e-003	3.766650e-004
1.172162523038998e-003	4.664286e-004
1.172575782818593e-003	5.136987e-004
1.172993125735644e-003	5.217036e-004
1.173418337565676e-003	4.904765e-004
1.173827232846389e-003	4.257642e-004
1.174263103401540e-003	3.276958e-004
1.174558964143956e-003	2.472148e-004
1.174889519935404e-003	1.476247e-004
1.175240420585276e-003	3.813523e-005
1.175584849407203e-003	-6.812741e-005
1.175916472264702e-003	-1.625974e-004
1.176453360506135e-003	-2.919524e-004
1.176961537534773e-003	-3.831940e-004
1.177382521633153e-003	-4.268200e-004
1.177814378949013e-003	-4.373011e-004
1.178274605230035e-003	-4.136924e-004
1.178698499654187e-003	-3.620304e-004
1.179137825294963e-003	-2.831032e-004
1.179458638163411e-003	-2.120770e-004
1.179760784391682e-003	-1.367249e-004
1.180091523537610e-003	-4.956766e-005
1.180407958541804e-003	3.478925e-005
1.180735435969573e-003	1.183523e-004
1.181224171189075e-003	2.280170e-004
1.181780271765271e-003	3.257609e-004
1.182201655388943e-003	3.723192e-004
1.182629103249418e-003	3.888461e-004
1.183040210385816e-003	3.762400e-004
1.183456141795954e-003	3.349404e-004
1.183972351601611e-003	2.546510e-004
1.184276514029088e-003	1.946787e-004
1.184580471516525e-003	1.262572e-004
1.184947349239241e-003	3.946364e-005
1.185263105849347e-003	-3.544485e-005
1.185562555863448e-003	-1.025206e-004
1.186051256584358e-003	-1.973577e-004
1.186597448723779e-003	-2.788482e-004
1.187034225522004e-003	-3.183980e-004
1.187483141003608e-003	-3.304216e-004
1.187945587048853e-003	-3.151511e-004
1.188364807973072e-003	-2.780163e-004
1.188827325539114e-003	-2.167003e-004
1.189118625005709e-003	-1.688851e-004
1.189454531100444e-003	-1.065884e-004
1.189826456175139e-003	-3.396954e-005
1.190153768791714e-003	3.042987e-005
1.190468116698997e-003	8.911792e-005
1.190980887565150e-003	1.724976e-004
1.191543604434596e-003	2.434530e-004
1.191963911843354e-003	2.761974e-004
1.192391520381974e-003	2.872152e-004
1.192808616592656e-003	2.770552e-004
1.193229865251869e-003	2.456708e-004
1.193761787163443e-003	1.838283e-004
1.194088014191919e-003	1.358420e-004
1.194373639778326e-003	8.796030e-005
1.194689682574170e-003	3.221744e-005
1.194996966391572e-003	-2.231643e-005
1.195311079668328e-003	-7.539698e-005
1.195785613909260e-003	-1.455838e-004
1.196330584760350e-003	-2.083297e-004
1.196764173979430e-003	-2.393590e-004
1.197207288779966e-003	-2.501253e-004
1.197621260382340e-003	-2.415763e-004
1.198038932885654e-003	-2.148738e-004
1.198552573936610e-003	-1.642305e-004
1.198858680459713e-003	-1.262084e-004
1.199191501488028e-003	-7.917561e-005
1.199569027578684e-003	-2.320928e-005
1.199901273339943e-003	2.610026e-005
1.200212813010081e-003	6.955331e-005
1.200732706455940e-003	1.318874e-004
1.201299179076276e-003	1.835536e-004
1.201725766761065e-003	2.066599e-004
1.202160674522560e-003	2.127907e-004
1.202623396053937e-003	2.018746e-004
1.203044243747440e-003	1.769706e-004
1.203496881732067e-003	1.369868e-004
1.203818140390991e-003	1.019245e-004
1.204108224480013e-003	6.625979e-005
1.204435401924080e-003	2.386595e-005
1.204748006684620e-003	-1.698428e-005
1.205068098267056e-003	-5.689913e-005
1.205550673869522e-003	-1.096595e-004
1.206101476092662e-003	-1.566534e-004
1.206528693281896e-003	-1.794152e-004
1.206963597550956e-003	-1.873771e-004
1.207376349984264e-003	-1.811075e-004
1.207793346958780e-003	-1.611263e-004
1.208309040530488e-003	-1.227370e-004
1.208613547412605e-003	-9.409430e-005
1.208931045271044e-003	-6.005803e-005
1.209302487683791e-003	-1.824606e-005
1.209626027336611e-003	1.826317e-005
1.209924578752104e-003	5.001906e-005
1.210430903349692e-003	9.659486e-005
1.210982139208490e-003	1.355258e-004
1.211412404599334e-003	1.539263e-004
1.211853322698417e-003	1.594196e-004
1.212319563142549e-003	1.519032e-004
1.212739332212829e-003	1.338500e-004
1.213201232832064e-003	1.039623e-004
1.213505447617271e-003	7.955057e-005
1.213822027667475e-003	5.083719e-005
1.214176542393247e-003	1.694871e-005
1.214497549135377e-003	-1.399302e-005
1.214812974316448e-003	-4.291305e-005
1.215311980018701e-003	-8.287235e-005
1.215867696053339e-003	-1.174651e-004
1.216291302443363e-003	-1.338203e-004
1.216722482179436e-003	-1.394077e-004
1.217137461773753e-003	-1.345749e-004
1.217556650637980e-003	-1.194995e-004
1.218081076651313e-003	-9.019570e-005
1.218389367058857e-003	-6.843715e-005
1.218686557999878e-003	-4.452711e-005
1.219038559985940e-003	-1.474844e-005
1.219353363039945e-003	1.201311e-005
1.219662493546371e-003	3.693190e-005
1.220149248590986e-003	7.108491e-005
1.220699139745882e-003	1.009313e-004
1.221131453363708e-003	1.153513e-004
1.221573802217552e-003	1.201558e-004
1.221990693035789e-003	1.157930e-004
1.222411084513923e-003	1.027037e-004
1.222934817209547e-003	7.770383e-005
1.223236668047168e-003	5.960043e-005
1.223554326314292e-003	3.793597e-005
1.223915714575830e-003	1.205243e-005
1.224241327948505e-003	-1.138083e-005
1.224546105945929e-003	-3.213662e-005
1.225057907831817e-003	-6.242583e-005
1.225612468347321e-003	-8.779666e-005
1.226036258159098e-003	-9.969912e-005
1.226468691770791e-003	-1.036492e-004
1.226886471379587e-003	-9.989341e-005
1.227308088191309e-003	-8.853948e-005
1.227839150655120e-003	-6.639036e-005
1.228160256336009e-003	-4.950774e-005
1.228446446561156e-003	-3.237839e-005
1.228780623806139e-003	-1.133902e-005
1.229093680232568e-003	8.489409e-006
1.229409353454677e-003	2.750966e-005
1.229893513892865e-003	5.299867e-005
1.230444451496017e-003	7.554111e-005
1.230874198988434e-003	8.644402e-005
1.231312757287852e-003	9.018007e-005
1.231727676332891e-003	8.705026e-005
1.232146428915846e-003	7.734367e-005
1.232665892319233e-003	5.875358e-005
1.232966458098518e-003	4.519629e-005
1.233284184383052e-003	2.887411e-005
1.233652246360688e-003	9.011635e-006
1.233975680857895e-003	-8.513123e-006
1.234278267797603e-003	-2.400802e-005
1.234784637514205e-003	-4.650497e-005
1.235337923007095e-003	-6.546619e-005
1.235765132541978e-003	-7.441895e-005
1.236202023074199e-003	-7.735632e-005
1.236620869800453e-003	-7.449914e-005
1.237043224472295e-003	-6.599590e-005
1.237574610729152e-003	-4.950946e-005
1.237894491868650e-003	-3.702232e-005
1.238188130042871e-003	-2.398434e-005
1.238524697555191e-003	-8.270778e-006
1.238842298843042e-003	6.648131e-006
1.239155470276663e-003	2.063260e-005
1.239650037053219e-003	3.992048e-005
1.240201681885984e-003	5.663903e-005
1.240627830399209e-003	6.464456e-005
1.241062242882671e-003	6.738562e-005
1.241477251533523e-003	6.505076e-005
1.241896276850914e-003	5.778535e-005
1.242418285852378e-003	4.376903e-005
1.242719986941231e-003	3.354659e-005
1.243028100526547e-003	2.164751e-005
1.243389624685740e-003	6.970194e-006
1.243708195428103e-003	-6.024876e-006
1.244015503926186e-003	-1.789653e-005
1.244510233216980e-003	-3.450931e-005
1.245062636104833e-003	-4.884303e-005
1.245492555993462e-003	-5.568756e-005
1.245932302782278e-003	-5.795607e-005
1.246350168566641e-003	-5.584062e-005
1.246771519880220e-003	-4.950453e-005
1.247298778509604e-003	-3.731323e-005
1.247609068391269e-003	-2.829009e-005
1.247915738947882e-003	-1.814586e-005
1.248265817138425e-003	-5.976279e-006
1.248587868806902e-003	5.280407e-006
1.248895928463976e-003	1.549101e-005
1.249399924444104e-003	3.004121e-005
1.249952446558530e-003	4.240081e-005
1.250377357145168e-003	4.826039e-005
1.250810751125895e-003	5.023199e-005
1.251227136141488e-003	4.844603e-005
1.251647460486997e-003	4.298252e-005
1.252174216571499e-003	3.238374e-005
1.252485847320984e-003	2.447682e-005
1.252783618078517e-003	1.587191e-005
1.253131338064855e-003	5.306817e-006
1.253447997385941e-003	-4.365593e-006
1.253757975904640e-003	-1.334981e-005
1.254249428712072e-003	-2.576058e-005
1.254800167198475e-003	-3.653549e-005
1.255229632738676e-003	-4.171410e-005
1.255668389906136e-003	-4.345594e-005
1.256084706761545e-003	-4.190393e-005
1.256504723154862e-003	-3.718564e-005
1.257028390095627e-003	-2.812814e-005
1.257331546422925e-003	-2.152811e-005
1.257643787655498e-003	-1.379075e-005
1.258003417349567e-003	-4.427406e-006
1.258325785098969e-003	4.006719e-006
1.258631899692556e-003	1.159002e-005
1.259135955583540e-003	2.244616e-005
1.259689276359173e-003	3.166069e-005
1.260115539873356e-003	3.602079e-005
1.260550870391453e-003	3.747091e-005
1.260968483675634e-003	3.611434e-005
1.261389807570201e-003	3.201849e-005
1.261918692963681e-003	2.407741e-005
1.262234047133180e-003	1.811296e-005
1.262530304114961e-003	1.173519e-005
1.262873051980869e-003	3.976868e-006
1.263190352917975e-003	-3.246461e-006
1.263501721430080e-003	-9.977972e-006
1.263995062433546e-003	-1.928106e-005
1.264546260715577e-003	-2.734527e-005
1.264974006052446e-003	-3.121266e-005
1.265410520006002e-003	-3.252445e-005
1.265826220602666e-003	-3.137928e-005
1.266245778023551e-003	-2.785926e-005
1.266768759881925e-003	-2.108407e-005
1.267071478425689e-003	-1.614164e-005
1.267381342560035e-003	-1.037947e-005
1.267741519861922e-003	-3.340321e-006
1.268061931838834e-003	2.951902e-006
1.268368667460146e-003	8.656219e-006
1.268867956883525e-003	1.672855e-005
1.269420739784072e-003	2.363729e-005
1.269848806382241e-003	2.692211e-005
1.270286304346887e-003	2.801336e-005
1.270704011503329e-003	2.699591e-005
1.271125318933323e-003	2.393448e-005
1.271653271825508e-003	1.802198e-005
1.271965845983249e-003	1.361579e-005
1.272267609801823e-003	8.775319e-006
1.272614416675536e-003	2.927579e-006
1.272934175376083e-003	-2.494186e-006
1.273243686777096e-003	-7.474045e-006
1.273742493625305e-003	-1.446883e-005
1.274294284964993e-003	-2.046776e-005
1.274720614325279e-003	-2.332814e-005
1.275155588055055e-003	-2.429409e-005
1.275571669832479e-003	-2.343395e-005
1.275991643931303e-003	-2.079768e-005
1.276516596121261e-003	-1.570348e-005
1.276823900517573e-003	-1.194416e-005
1.277127813089970e-003	-7.709790e-006
1.277481654695862e-003	-2.527406e-006
1.277800361829019e-003	2.164067e-006
1.278108447443994e-003	6.462886e-006
1.278604217332352e-003	1.248349e-005
1.279155775340514e-003	1.766690e-005
1.279584437957138e-003	2.014481e-005
1.280022448478545e-003	2.097295e-005
1.280439429592218e-003	2.021732e-005
1.280860071970419e-003	1.793251e-005
1.281385912135673e-003	1.353276e-005
1.281693820076531e-003	1.028993e-005
1.282000864791439e-003	6.609795e-006
1.282354052786893e-003	2.161103e-006
1.282675242960371e-003	-1.905598e-006
1.282982712535835e-003	-5.595408e-006
1.283484457728372e-003	-1.083650e-005
1.284036768271189e-003	-1.530294e-005
1.284463051409575e-003	-1.742487e-005
1.284898199577325e-003	-1.813558e-005
1.285315038988630e-003	-1.748560e-005
1.285735684631261e-003	-1.550995e-005
1.286262650533554e-003	-1.168616e-005
1.286574009055638e-003	-8.839343e-006
1.286874243398602e-003	-5.713989e-006
1.287222506800041e-003	-1.902770e-006
1.287540700928646e-003	1.598057e-006
1.287850119165173e-003	4.827727e-006
1.288345146406892e-003	9.329466e-006
1.288896369064178e-003	1.321336e-005
1.289324483461722e-003	1.507286e-005
1.289761647793547e-003	1.569867e-005
1.290177988789819e-003	1.513913e-005
1.290598095732866e-003	1.343413e-005
1.291122597839092e-003	1.015122e-005
1.291428088607627e-003	7.743003e-006
1.291736357211280e-003	4.976379e-006
1.292092784374588e-003	1.614675e-006
1.292413589896548e-003	-1.426198e-006
1.292720603611248e-003	-4.183255e-006
1.293221169125951e-003	-8.093692e-006
1.293773604839943e-003	-1.143231e-005
1.294200776935063e-003	-1.301935e-005
1.294637092811675e-003	-1.354875e-005
1.295054349448272e-003	-1.305990e-005
1.295475312217460e-003	-1.158160e-005
1.296002732377661e-003	-8.723709e-006
1.296314600172958e-003	-6.595515e-006
1.296615722844040e-003	-4.256648e-006
1.296963386894282e-003	-1.417990e-006
1.297282413995773e-003	1.201059e-006
1.297591789471242e-003	3.610759e-006
1.298088825595536e-003	6.984165e-006
1.298640328077962e-003	9.885074e-006
1.299067538487491e-003	1.127098e-005
1.299503600393019e-003	1.173811e-005
1.299919840431484e-003	1.132099e-005
1.300339906578394e-003	1.004654e-005
1.300864691639875e-003	7.588135e-006
1.301171209168102e-003	5.778841e-006
1.301477199136812e-003	3.722150e-006
1.301832176441089e-003	1.214379e-006
1.302151925295381e-003	-1.055913e-006
1.302459483838383e-003	-3.125363e-006
1.302957644445632e-003	-6.042036e-006
1.303509608875617e-003	-8.542581e-006
1.303937509989711e-003	-9.734686e-006
1.304374649401251e-003	-1.013279e-005
1.304791758087793e-003	-9.767544e-006
1.305212552722802e-003	-8.662875e-006
1.305739146944069e-003	-6.531540e-006
1.306048967558841e-003	-4.952720e-006
1.306353127845871e-003	-3.188637e-006
1.306703657361777e-003	-1.051823e-006
1.307023796403775e-003	9.101139e-007
1.307332125933282e-003	2.701917e-006
1.307831578074239e-003	5.229622e-006
1.308383438353002e-003	7.392925e-006
1.308810197437355e-003	8.423591e-006
1.309245823045774e-003	8.769804e-006
1.309662381944757e-003	8.456694e-006
1.310082755041345e-003	7.502800e-006
1.310608664288743e-003	5.659726e-006
1.310917654207443e-003	4.295304e-006
1.311220798694862e-003	2.771183e-006
1.311572358455885e-003	9.132298e-007
1.311891400825312e-003	-7.816385e-007
1.312199786844939e-003	-2.334987e-006
1.312696557050577e-003	-4.513657e-006
1.313248086912608e-003	-6.386481e-006
1.313676055100771e-003	-7.281213e-006
1.314113161009453e-003	-7.581135e-006
1.314529886773474e-003	-7.309336e-006
1.314950342080640e-003	-6.484328e-006
1.315475916441743e-003	-4.894121e-006
1.315783631055724e-003	-3.721708e-006
1.316089785231774e-003	-2.393930e-006
1.316443179222409e-003	-7.831491e-007
1.316763665931931e-003	6.851650e-007
1.317071257857530e-003	2.020862e-006
1.317571317141788e-003	3.910890e-006
1.318123392749471e-003	5.526089e-006
1.318550367821787e-003	6.294837e-006
1.318986350209781e-003	6.552132e-006
1.319403263209369e-003	6.316895e-006
1.319823936836758e-003	5.603038e-006
1.320350602055187e-003	4.223465e-006
1.320661018840556e-003	3.199216e-006
1.320963208186246e-003	2.064143e-006
1.321312829649911e-003	6.837158e-007
1.321631917589807e-003	-5.828508e-007
1.321940716234116e-003	-1.745385e-006
1.322437755349200e-003	-3.375224e-006
1.322989245219318e-003	-4.776037e-006
1.323416815572377e-003	-5.445239e-006
1.323853379300664e-003	-5.670140e-006
1.324269882155367e-003	-5.467689e-006
1.324690162752859e-003	-4.851268e-006
1.325215384946846e-003	-3.662626e-006
1.325522596928737e-003	-2.786860e-006
1.325828565617882e-003	-1.793857e-006
1.326182611412232e-003	-5.862121e-007
1.326502718942280e-003	5.112338e-007
1.326810284736906e-003	1.510584e-006
1.327309389407328e-003	2.921918e-006
1.327861375411389e-003	4.129911e-006
1.328288817862317e-003	4.705380e-006
1.328725380149523e-003	4.897779e-006
1.329142396474063e-003	4.721581e-006
1.329563136429347e-003	4.187778e-006
1.330089747533541e-003	3.157080e-006
1.330399833555647e-003	2.392770e-006
1.330703047952729e-003	1.542079e-006
1.331053162094075e-003	5.096123e-007
1.331372797882812e-003	-4.379777e-007
1.331681309841987e-003	-1.305337e-006
1.332179611971864e-003	-2.525456e-006
1.332731272759646e-003	-3.571727e-006
1.333158443884246e-003	-4.070875e-006
1.333594548396337e-003	-4.238557e-006
1.334011107680943e-003	-4.087172e-006
1.334431460612375e-003	-3.626197e-006
1.334957060170064e-003	-2.736430e-006
1.335265235698618e-003	-2.079199e-006
1.335569742597042e-003	-1.339843e-006
1.335922438935307e-003	-4.397450e-007
1.336242030329216e-003	3.800635e-007
1.336549975540511e-003	1.128889e-006
1.337047967311219e-003	2.183013e-006
1.337599692673702e-003	3.087058e-006
1.338027389347246e-003	3.518361e-006
1.338464210592846e-003	3.662746e-006
1.338881095155333e-003	3.531187e-006
1.339301707012677e-003	3.132253e-006
1.339827803313392e-003	2.362662e-006
1.340136724357095e-003	1.793589e-006
1.340441388162730e-003	1.154767e-006
1.340793106125816e-003	3.796523e-007
1.341113182347528e-003	-3.294124e-007
1.341421173817848e-003	-9.762684e-007
1.341920402372212e-003	-1.889143e-006
1.342472229459521e-003	-2.670462e-006
1.342899315724252e-003	-3.042790e-006
1.343335375236942e-003	-3.167615e-006
1.343752138048906e-003	-3.054142e-006
1.344172676385413e-003	-2.709277e-006
1.344698829283109e-003	-2.043258e-006
1.345008170062862e-003	-1.550001e-006
1.345311509061254e-003	-9.993662e-007
1.345662596917019e-003	-3.294882e-007
1.345981974629755e-003	2.830675e-007
1.346290280052164e-003	8.437499e-007
1.346787903581771e-003	1.631750e-006
1.347339474125602e-003	2.308089e-006
1.347767097935029e-003	2.630977e-006
1.348203778092038e-003	2.739264e-006
1.348620499420988e-003	2.641133e-006
1.349040973088298e-003	2.343008e-006
1.349566662272274e-003	1.768023e-006
1.349874806801992e-003	1.343543e-006
1.350180044382859e-003	8.649013e-007
1.350532804907443e-003	2.835273e-007
1.350852905168888e-003	-2.467361e-007
1.351160633082652e-003	-7.299437e-007
1.351659843551005e-003	-1.412284e-006
1.352211701852162e-003	-1.996196e-006
1.352638977800083e-003	-2.274432e-006
1.353075299946991e-003	-2.367572e-006
1.353492218078019e-003	-2.282549e-006
1.353912884673178e-003	-2.024604e-006
1.354439276260912e-003	-1.526539e-006
1.354749020279521e-003	-1.157416e-006
1.355052286397970e-003	-7.460331e-007
1.355402828848454e-003	-2.462300e-007
1.355722368350788e-003	2.117608e-007
1.356030705441207e-003	6.308221e-007
1.356528766711544e-003	1.220296e-006
1.357080347204504e-003	1.725867e-006
1.357507747742948e-003	1.967151e-006
1.357944143253478e-003	2.048121e-006
1.358360826213235e-003	1.974825e-006
1.358781280139441e-003	1.751944e-006
1.359306963774367e-003	1.321936e-006
1.359615223475870e-003	1.004327e-006
1.359920007699182e-003	6.468418e-007
1.360272581530048e-003	2.122064e-007
1.360592443082239e-003	-1.841279e-007
1.360900225311314e-003	-5.456339e-007
1.361398893310701e-003	-1.055482e-006
1.361950635345690e-003	-1.492163e-006
1.362378128441459e-003	-1.700386e-006
1.362814704423999e-003	-1.770081e-006
1.363231644355625e-003	-1.706484e-006
1.363652320961272e-003	-1.513621e-006
1.364178580912416e-003	-1.141426e-006
1.364487968189946e-003	-8.658663e-007
1.364791890090619e-003	-5.577545e-007
1.365142924427185e-003	-1.837216e-007
1.365462761131176e-003	1.588478e-007
1.365770841084949e-003	4.717094e-007
1.366269582178343e-003	9.127154e-007
1.366821234160565e-003	1.290442e-006
1.367248491155935e-003	1.470589e-006
1.367684733453788e-003	1.530998e-006
1.368101510686535e-003	1.476147e-006
1.368522058318968e-003	1.309451e-006
1.369048016976051e-003	9.877122e-007
1.369356921535474e-003	7.496997e-007
1.369660906381769e-003	4.830735e-007
1.370012570735849e-003	1.588873e-007
1.370332225882673e-003	-1.373117e-007
1.370640182397213e-003	-4.078429e-007
1.371138448859477e-003	-7.889184e-007
1.371690042711140e-003	-1.115530e-006
1.372117605471703e-003	-1.271374e-006
1.372554235093676e-003	-1.323576e-006
1.372971121646670e-003	-1.276062e-006
1.373391750903426e-003	-1.131883e-006
1.373917762303118e-003	-8.537538e-007
1.374226634387484e-003	-6.480836e-007
1.374531121165866e-003	-4.173066e-007
1.374882844780121e-003	-1.371372e-007
1.375202844849353e-003	1.190783e-007
1.375510644895004e-003	3.527085e-007
1.376009736922671e-003	6.825095e-007
1.376561416507574e-003	9.647517e-007
1.376988700737407e-003	1.099315e-006
1.377425000685404e-003	1.144386e-006
1.377841915692849e-003	1.103306e-006
1.378262587066885e-003	9.786170e-007
1.378788804010918e-003	7.379388e-007
1.379098243158343e-003	5.596888e-007
1.379401785018349e-003	3.606612e-007
1.379752697635799e-003	1.188352e-007
1.380072343418066e-003	-1.025851e-007
1.380380368588308e-003	-3.048849e-007
1.380878694554848e-003	-5.898507e-007
1.381430203095046e-003	-8.340519e-007
1.381857694825331e-003	-9.505956e-007
1.382294215679643e-003	-9.896561e-007
1.382711079694289e-003	-9.541533e-007
1.383131697325435e-003	-8.463539e-007
1.383657601942691e-003	-6.384164e-007
1.383966324445942e-003	-4.846895e-007
1.384270825267508e-003	-3.121045e-007
1.384622721112728e-003	-1.024938e-007
1.384942692903428e-003	8.907733e-008
1.385250355557364e-003	2.636880e-007
1.385749389525901e-003	5.102388e-007
1.386301003415128e-003	7.212149e-007
1.386728411258005e-003	8.218223e-007
1.387164866506417e-003	8.554962e-007
1.387581881728368e-003	8.247433e-007
1.388002639834356e-003	7.314836e-007
1.388528929804951e-003	5.515221e-007
1.388838491412713e-003	4.182210e-007
1.389142105925613e-003	2.694173e-007
1.389492831111754e-003	8.876271e-008
1.389812629448933e-003	-7.681292e-008
1.390120524053694e-003	-2.279501e-007
1.390619255436537e-003	-4.411088e-007
1.391170731552402e-003	-6.236152e-007
1.391598126201476e-003	-7.106977e-007
1.392034527060036e-003	-7.398781e-007
1.392451454642093e-003	-7.133218e-007
1.392872139413809e-003	-6.326978e-007
1.393398144817847e-003	-4.771626e-007
1.393707160013317e-003	-3.620900e-007
1.394011237587953e-003	-2.332077e-007
1.394362690281471e-003	-7.665806e-008
1.394682563933253e-003	6.655284e-008
1.394990201388519e-003	1.971168e-007
1.395489069175702e-003	3.814336e-007
1.396040548481990e-003	5.391720e-007
1.396468055256919e-003	6.144278e-007
1.396904616092935e-003	6.396137e-007
1.397321685475812e-003	6.166075e-007
1.397742492851205e-003	5.468603e-007
1.398268717363621e-003	4.123228e-007
1.398578145246517e-003	3.127072e-007
1.398882021545698e-003	2.013698e-007
1.399232897187590e-003	6.626756e-008
1.399552866821427e-003	-5.756560e-008
1.399860507532473e-003	-1.704357e-007
1.400359671172533e-003	-3.298798e-007
1.400911105958502e-003	-4.662534e-007
1.401338475207858e-003	-5.313104e-007
1.401774853962674e-003	-5.530922e-007
1.402191916056963e-003	-5.332083e-007
1.402612728658049e-003	-4.728931e-007
1.403138931867087e-003	-3.565351e-007
1.403448413899688e-003	-2.703569e-007
1.403752018682215e-003	-1.741405e-007
1.404102782828771e-003	-5.732065e-008
1.404422626699602e-003	4.974428e-008
1.404730223800721e-003	1.473540e-007
1.405229119557649e-003	2.851842e-007
1.405780450537422e-003	4.031076e-007
1.406207978344403e-003	4.593891e-007
1.406644544299218e-003	4.782258e-007
1.407061672042010e-003	4.610172e-007
1.407482538849440e-003	4.088495e-007
1.408008708499576e-003	3.082515e-007
1.408318079114542e-003	2.337759e-007
1.408622021483959e-003	1.505088e-007
1.408972922686764e-003	4.948924e-008
1.409292984645154e-003	-4.311903e-008
1.409600366327621e-003	-1.274255e-007
1.410099796831081e-003	-2.466739e-007
1.410651129480433e-003	-3.485834e-007
1.411078556780605e-003	-3.972030e-007
1.411515009586545e-003	-4.134659e-007
1.411932234296571e-003	-3.985719e-007
1.412353197657064e-003	-3.534432e-007
1.412879562323479e-003	-2.664019e-007
1.413189415912256e-003	-2.018875e-007
1.413492755380345e-003	-1.300165e-007
1.413842951751607e-003	-4.282596e-008
1.414162882813070e-003	3.723291e-008
1.414470316644728e-003	1.101619e-007
1.414969523869722e-003	2.132626e-007
1.415520712239819e-003	3.013956e-007
1.415948214977208e-003	3.434656e-007
1.416384736246063e-003	3.575415e-007
1.416801980970663e-003	3.446617e-007
1.417222964391086e-003	3.056317e-007
1.417749193988004e-003	2.303829e-007
1.418058784131000e-003	1.746452e-007
1.418362464564416e-003	1.124316e-007
1.418712989931999e-003	3.697518e-008
1.419033079188053e-003	-3.227488e-008
1.419340233765239e-003	-9.526174e-008
1.419839825881437e-003	-1.844464e-007
1.420390979833393e-003	-2.606095e-007
1.420818496706389e-003	-2.969587e-007
1.421255048679114e-003	-3.091078e-007
1.421672444152360e-003	-2.979513e-007
1.422093567303650e-003	-2.641809e-007
1.422620019173128e-003	-1.990745e-007
1.422930104388782e-003	-1.507976e-007
1.423233344697505e-003	-9.708117e-008
1.423583146143013e-003	-3.197312e-008
1.423903238316136e-003	2.790360e-008
1.424210363316146e-003	8.236141e-008
1.424710063982125e-003	1.594995e-007
1.425261088697483e-003	2.253500e-007
1.425688583446490e-003	2.567861e-007
1.426125087722466e-003	2.672948e-007
1.426542531180331e-003	2.576454e-007
1.426963706478336e-003	2.284338e-007
1.427490110135832e-003	1.721279e-007
1.427800171023356e-003	1.303775e-007
1.428103378719180e-003	8.392653e-008
1.428453159243742e-003	2.762505e-008
1.428773287248856e-003	-2.415894e-008
1.429080193760271e-003	-7.121405e-008
1.429580028633379e-003	-1.379273e-007
1.430130940578863e-003	-1.948457e-007
1.430558529317115e-003	-2.220232e-007
1.430995148404784e-003	-2.311004e-007
1.431412743403662e-003	-2.227419e-007
1.431834057348793e-003	-1.974653e-007
1.432360580349785e-003	-1.487592e-007
1.432670907974883e-003	-1.126261e-007
1.432973998623955e-003	-7.247995e-008
1.433323359910813e-003	-2.386308e-008
1.433643620857846e-003	2.092368e-008
1.433950331998197e-003	6.157629e-008
1.434450575122884e-003	1.192958e-007
1.435001372831472e-003	1.684900e-007
1.435428914093582e-003	1.919797e-007
1.435865466534143e-003	1.998216e-007
1.436283187345397e-003	1.925856e-007
1.436704626384091e-003	1.707140e-007
1.437231256821879e-003	1.285734e-007
1.437541907979853e-003	9.728713e-008
1.437844601948072e-003	6.261092e-008
1.438193442824464e-003	2.062826e-008
1.438513682883634e-003	-1.810047e-008
1.438820235195317e-003	-5.323757e-008
1.439320535925164e-003	-1.031578e-007
1.439871152572125e-003	-1.456848e-007
1.440298789726785e-003	-1.660000e-007
1.440735443379200e-003	-1.727785e-007
1.441153310561129e-003	-1.665120e-007
1.441574886859535e-003	-1.475850e-007
1.442101547421872e-003	-1.111350e-007
1.442412309950438e-003	-8.406906e-008
1.442715019287459e-003	-5.408367e-008
1.443063634387125e-003	-1.780886e-008
1.443384047501955e-003	1.569209e-008
1.443690271803884e-003	4.603439e-008
1.444191079793781e-003	8.922952e-008
1.444741555341337e-003	1.259772e-007
1.445169193168694e-003	1.435318e-007
1.445605845109026e-003	1.493832e-007
1.446023919866613e-003	1.439527e-007
1.446445694733398e-003	1.275694e-007
1.446972561456449e-003	9.602461e-008
1.447283852088419e-003	7.257385e-008
1.447586039196100e-003	4.668635e-008
1.447933830177495e-003	1.539164e-008
1.448254266564699e-003	-1.357927e-008
1.448560297661121e-003	-3.979984e-008
1.449061318282983e-003	-7.716785e-008
1.449611571035418e-003	-1.089319e-007
1.450039264056757e-003	-1.241129e-007
1.450475959832816e-003	-1.291704e-007
1.450894214137706e-003	-1.244666e-007
1.451316162095022e-003	-1.102857e-007
1.451843071282267e-003	-8.299472e-008
1.452154552547055e-003	-6.269846e-008
1.452456601237647e-003	-4.032067e-008
1.452804025122532e-003	-1.328794e-008
1.453124600359306e-003	1.177273e-008
1.453430246402820e-003	3.441343e-008
1.453931730862701e-003	6.674773e-008
1.454481774142610e-003	9.419387e-008
1.454909536511033e-003	1.073142e-007
1.455346308761948e-003	1.116795e-007
1.455764835151466e-003	1.076002e-007
1.456187040051474e-003	9.532107e-008
1.456714166243969e-003	7.170034e-008
1.457026203985176e-003	5.411329e-008
1.457327789178854e-003	3.479093e-008
1.457674321318139e-003	1.147617e-008
1.457995012530191e-003	-1.019970e-008
1.458300337669129e-003	-2.975378e-008
1.458802294967756e-003	-5.773567e-008
1.459352080643811e-003	-8.145313e-008
1.459779874390803e-003	-9.279529e-008
1.460216661347858e-003	-9.656551e-008
1.460635450069581e-003	-9.302912e-008
1.461057908293986e-003	-8.239613e-008
1.461585175508803e-003	-6.195222e-008
1.462198805078077e-003	-3.002763e-008
1.462544571880346e-003	-9.909320e-009
1.462865361943408e-003	8.840191e-009
1.463170280107409e-003	2.572502e-008
1.463672676420154e-003	4.993949e-008
1.464222168289933e-003	7.043281e-008
1.464650075643198e-003	8.023803e-008
1.465086979732494e-003	8.349277e-008
1.465506102823001e-003	8.042425e-008
1.465928877251051e-003	7.121384e-008
1.466456340193946e-003	5.351727e-008
1.467070095132045e-003	2.590155e-008
1.467414940480180e-003	8.551895e-009
1.467735918150979e-003	-7.668340e-009
1.468040356582986e-003	-2.224233e-008
1.468543443699696e-003	-4.320361e-008
1.469092623275644e-003	-6.090755e-008
1.469520585774324e-003	-6.938138e-008
1.469957533180867e-003	-7.218985e-008
1.470377036740730e-003	-6.952638e-008
1.470800175370665e-003	-6.154603e-008
1.471327895736727e-003	-4.622260e-008
1.471941667763891e-003	-2.233508e-008
1.472285293963421e-003	-7.383680e-009
1.472606374265215e-003	6.646909e-009
1.472910353722163e-003	1.922934e-008
1.473413979854921e-003	3.737262e-008
1.473962784641798e-003	5.266842e-008
1.474390877634567e-003	5.999465e-008
1.474827948532933e-003	6.241897e-008
1.475247877963482e-003	6.010620e-008
1.475671421392417e-003	5.319000e-008
1.476199354627871e-003	3.992189e-008
1.476813225777650e-003	1.925641e-008
1.477155724787702e-003	6.369458e-009
1.477477012289160e-003	-5.769746e-009
1.477780381066339e-003	-1.662552e-008
1.478284821683182e-003	-3.233477e-008
1.478833232000953e-003	-4.554576e-008
1.479261443233374e-003	-5.187692e-008
1.479698626433253e-003	-5.396744e-008
1.480119076476213e-003	-5.195715e-008
1.480543114741781e-003	-4.596043e-008
1.481071391218898e-003	-3.446674e-008
1.482026198078533e-003	-5.496974e-009
1.482347632081578e-003	5.004434e-009
1.482650432413132e-003	1.437266e-008
1.483155622958433e-003	2.797467e-008
1.483703582160693e-003	3.938613e-008
1.484131943196995e-003	4.485927e-008
1.484569260584771e-003	4.666284e-008
1.484990281426849e-003	4.491509e-008
1.485414862951763e-003	3.971414e-008
1.485943435035548e-003	2.975702e-008
1.486896699075420e-003	4.741414e-009
1.487218318990457e-003	-4.344382e-009
1.487520426305676e-003	-1.242521e-008
1.488026499743622e-003	-2.420469e-008
1.488573970501828e-003	-3.405953e-008
1.489002530540447e-003	-3.879005e-008
1.489440040799932e-003	-4.034476e-008
1.489861750238836e-003	-3.882340e-008
1.490286983816128e-003	-3.431015e-008
1.490815957011196e-003	-2.568085e-008
1.491767277099933e-003	-4.089776e-009
1.492089084442370e-003	3.770931e-009
1.492390488008390e-003	1.074078e-008
1.492897537682181e-003	2.094374e-008
1.493444481611362e-003	2.945391e-008
1.493873246976807e-003	3.354283e-008
1.494310943776158e-003	3.488298e-008
1.494733432449961e-003	3.355796e-008
1.495159405519534e-003	2.963968e-008
1.495688801276641e-003	2.215901e-008
1.496637849016371e-003	3.528063e-009
1.496959800023927e-003	-3.272385e-009
1.497260472947165e-003	-9.283865e-009
1.497768467146814e-003	-1.812137e-008
1.498314843754428e-003	-2.547020e-008
1.498743900533039e-003	-2.900522e-008
1.499181875920046e-003	-3.009751e-008
1.499651924842945e-003	-2.869200e-008
1.500075322377145e-003	-2.522759e-008
1.500850072419671e-003	-1.472623e-008
1.501507868955707e-003	-3.043194e-009
1.501830425060676e-003	2.840494e-009
1.502149803979485e-003	8.350850e-009
1.502649098932574e-003	1.581087e-008
1.503208709590823e-003	2.221750e-008
1.503641640957608e-003	2.519599e-008
1.504082217392163e-003	2.601804e-008
1.504546851940687e-003	2.468319e-008
1.504971694661632e-003	2.158051e-008
1.505738317105621e-003	1.246608e-008
1.506388678763587e-003	2.457869e-009
1.506717285104831e-003	-2.715723e-009
1.507055420431774e-003	-7.726340e-009
1.507558763083872e-003	-1.418417e-008
1.508062486759811e-003	-1.915057e-008
1.508485808862231e-003	-2.170766e-008
1.508918098595674e-003	-2.255088e-008
1.509342832064737e-003	-2.168382e-008
1.509771234697739e-003	-1.913216e-008
1.510621500597432e-003	-1.059842e-008
1.511302142997279e-003	-1.525185e-009
1.511654463114889e-003	3.242795e-009
1.512004315067066e-003	7.632017e-009
1.512539155398494e-003	1.334499e-008
1.512999900910600e-003	1.703217e-008
1.513415974103899e-003	1.897648e-008
1.513839445083476e-003	1.946050e-008
1.514300287193124e-003	1.838361e-008
1.514734613918614e-003	1.595489e-008
1.514999962116145e-003	1.367948e-008
1.515265310313675e-003	1.123251e-008
1.515530658511205e-003	8.613999e-009
1.515796006708735e-003	5.823937e-009
1.516061354906266e-003	2.862327e-009
1.516326703103796e-003	-2.708324e-010
1.516592051301326e-003	-3.575541e-009
1.516967849361192e-003	-7.549167e-009
1.517524000910733e-003	-1.243535e-008
1.517966280791692e-003	-1.522970e-008
1.518380606367820e-003	-1.662393e-008
1.518799501912839e-003	-1.673861e-008
1.519294942123624e-003	-1.537005e-008
1.520118715284831e-003	-1.006241e-008
1.521227264677655e-003	7.513553e-010
1.521619800375853e-003	4.581008e-009
1.522066760155072e-003	8.415174e-009
1.522585454925378e-003	1.191773e-008
1.523015996024720e-003	1.380027e-008
1.523457416002163e-003	1.454805e-008
1.523899404767529e-003	1.407877e-008
1.524417367367101e-003	1.215353e-008
1.524706759022387e-003	1.035113e-008
1.524996150677674e-003	8.400972e-009
1.525285542332960e-003	6.303048e-009
1.525574933988246e-003	4.057359e-009
1.525864325643533e-003	1.663905e-009
1.526153717298819e-003	-8.773139e-010
1.526443108954106e-003	-3.566298e-009
1.526857158088062e-003	-6.693643e-009
1.527441823720875e-003	-1.018658e-008
1.527888140298611e-003	-1.191368e-008
1.528343938246026e-003	-1.257976e-008
1.528781537932825e-003	-1.217736e-008
1.529270473070205e-003	-1.059590e-008
1.531026572403204e-003	9.441369e-010
1.531474963226804e-003	4.154910e-009
1.531931709929846e-003	6.985227e-009
1.532389232624696e-003	9.166890e-009
1.532811560865173e-003	1.043565e-008
1.533243430044852e-003	1.088117e-008
1.533710042209177e-003	1.037386e-008
1.534288401777864e-003	8.588592e-009
1.534603760051380e-003	6.942166e-009
1.534919118324897e-003	5.225495e-009
1.535234476598413e-003	3.438581e-009
1.535549834871929e-003	1.581424e-009
1.535865193145446e-003	-3.459781e-010
1.536180551418962e-003	-2.343624e-009
1.536495909692479e-003	-4.411513e-009
1.537008114725185e-003	-6.938749e-009
1.537440552215996e-003	-8.472104e-009
1.537860109054378e-003	-9.271605e-009
1.538305478121838e-003	-9.327509e-009
1.538835424727727e-003	-8.412004e-009
1.539172783706060e-003	-7.189516e-009
1.539510142684393e-003	-5.833428e-009
1.539847501662725e-003	-4.343738e-009
1.540184860641058e-003	-2.720448e-009
1.540522219619391e-003	-9.635564e-010
1.540859578597723e-003	9.269358e-010
1.541196937576056e-003	2.951029e-009
1.541662471602730e-003	5.130977e-009
1.542135543306131e-003	6.835066e-009
1.542562948357221e-003	7.784087e-009
1.543050984712940e-003	8.122877e-009
1.543505449800683e-003	7.705967e-009
1.544510951849421e-003	4.760652e-009
1.545929783604950e-003	-1.896321e-009
1.546424575752779e-003	-3.979844e-009
1.546976166437083e-003	-5.782339e-009
1.547439645677811e-003	-6.726995e-009
1.547902218263301e-003	-7.025144e-009
1.548393405190495e-003	-6.628355e-009
1.549478576708248e-003	-3.794915e-009
1.550450890415864e-003	1.624737e-010
1.551493595063063e-003	4.043609e-009
1.551982140196363e-003	5.273815e-009
1.552467304060156e-003	5.938405e-009
1.552988940942996e-003	6.001748e-009
1.553992691444012e-003	4.352027e-009
1.555538689608552e-003	-8.682353e-010
1.556115740835357e-003	-2.755939e-009
1.556640826381831e-003	-4.120536e-009
1.557135282163904e-003	-4.925567e-009
1.557703048626498e-003	-5.224677e-009
1.558841129326954e-003	-3.811385e-009
1.560534164889211e-003	1.063022e-009
1.561120441577694e-003	2.657897e-009
1.561690145255961e-003	3.817276e-009
1.562231543969931e-003	4.413210e-009
1.563365790220633e-003	3.932078e-009
1.563782049206568e-003	3.033190e-009
1.564198308192504e-003	2.113259e-009
1.564614567178439e-003	1.172286e-009
1.565030826164375e-003	2.102694e-010
1.565447085150311e-003	-7.727895e-010
1.565863344136246e-003	-1.776891e-009
1.566279603122182e-003	-2.802036e-009
1.566888717006369e-003	-3.627635e-009
1.568081877655551e-003	-3.585967e-009
1.568524826127728e-003	-2.836746e-009
1.568967774599906e-003	-2.051287e-009
1.569410723072084e-003	-1.229589e-009
1.569853671544262e-003	-3.716519e-010
1.570296620016440e-003	5.225235e-010
1.570739568488618e-003	1.452938e-009
1.571182516960795e-003	2.419590e-009
1.571812742591116e-003	3.146413e-009
1.573069138018314e-003	3.022490e-009
1.573540074722128e-003	2.262973e-009
1.574011011425941e-003	1.497353e-009
1.574481948129755e-003	7.256281e-010
1.574952884833569e-003	-5.220055e-011
1.575423821537383e-003	-8.361333e-010
1.575894758241197e-003	-1.626170e-009
1.576365694945011e-003	-2.422311e-009
1.577672798958187e-003	-2.804845e-009
1.578156557614428e-003	-2.272620e-009
1.578640316270669e-003	-1.695659e-009
1.579124074926909e-003	-1.073963e-009
1.579607833583150e-003	-4.075306e-010
1.580091592239390e-003	3.036371e-010
1.580575350895631e-003	1.059541e-009
1.581059109551871e-003	1.860180e-009
1.582471606229342e-003	2.461563e-009
1.582984137619929e-003	2.006165e-009
1.583496669010516e-003	1.505676e-009
1.584009200401103e-003	9.600951e-010
1.584521731791691e-003	3.694230e-010
1.585034263182278e-003	-2.663404e-010
1.585546794572865e-003	-9.471953e-010
1.586059325963452e-003	-1.673142e-009
1.587541535198668e-003	-2.081849e-009
1.588082219191587e-003	-1.582407e-009
1.588622903184506e-003	-1.070726e-009
1.589163587177425e-003	-5.468051e-010
1.589704271170344e-003	-1.064528e-011
1.590244955163264e-003	5.377538e-010
1.590785639156183e-003	1.098392e-009
1.591326323149102e-003	1.671270e-009
1.592838100991208e-003	1.635903e-009
1.595139920847433e-003	-5.829748e-010
1.596776018177271e-003	-1.589449e-009
1.600936091609073e-003	1.103927e-009
1.602652090541438e-003	1.254141e-009
1.605187682085823e-003	-5.320787e-010
1.607006938745274e-003	-1.193542e-009
1.609752096564355e-003	1.924509e-010
1.611623776370744e-003	1.012990e-009
1.612303337572305e-003	8.448454e-010
1.612982898773866e-003	6.439772e-010
1.613662459975427e-003	4.103855e-010
1.614342021176988e-003	1.440705e-010
1.615021582378549e-003	-1.549678e-010
1.615701143580110e-003	-4.867296e-010
1.616380704781671e-003	-8.512147e-010
1.621401957529034e-003	7.277544e-010
1.622303786355846e-003	4.988901e-010
1.623205615182659e-003	2.836575e-010
1.624107444009471e-003	8.205673e-011
1.625009272836284e-003	-1.059123e-010
1.625911101663097e-003	-2.802495e-010
1.626812930489909e-003	-4.409549e-010
1.627714759316722e-003	-5.880285e-010
1.631030495694266e-003	4.776926e-010
1.632034184736431e-003	3.426466e-010
1.633037873778595e-003	2.107260e-010
1.634041562820759e-003	8.193076e-011
1.635045251862923e-003	-4.373906e-011
1.636048940905088e-003	-1.662835e-010
1.637052629947252e-003	-2.857025e-010
1.638056318989416e-003	-4.019962e-010
1.641816451745759e-003	4.260379e-010
1.643305670868171e-003	1.227992e-010
1.644794889990583e-003	-8.469336e-011
1.646284109112996e-003	-1.964399e-010
1.647773328235408e-003	-2.124405e-010
1.649262547357820e-003	-1.326949e-010
1.650751766480232e-003	4.279662e-011
1.652240985602644e-003	3.140342e-010
1.653718788548184e-003	8.511818e-011
1.655196591493724e-003	-7.130925e-011
1.656674394439264e-003	-1.552481e-010
1.658152197384804e-003	-1.666984e-010
1.659630000330344e-003	-1.056600e-010
1.661107803275884e-003	2.786690e-011
1.662585606221424e-003	2.338824e-010
1.664262356660094e-003	7.786579e-011
1.665939107098763e-003	-3.032769e-011
1.667615857537433e-003	-9.069805e-011
1.669292607976103e-003	-1.032453e-010
1.670969358414773e-003	-6.796934e-011
1.672646108853442e-003	1.512972e-011
1.674322859292112e-003	1.460519e-010
1.720308807599958e-003	8.044966e-011
1.766294755907805e-003	2.976016e-011
1.812280704215651e-003	-6.016606e-012
1.858266652523497e-003	-2.688063e-011
1.904252600831343e-003	-3.283191e-011
1.950238549139189e-003	-2.387046e-011
1.996224497447035e-003	3.742999e-015
1.998177622447035e-003	1.327982e-013
2.000000000000000e-003	1.480526e-013
