0.000000000000000e+000	0.000000e+000
1.990761718750509e-005	0.000000e+000
2.000000000000005e-005	1.756102e-014
2.000020476562508e-005	7.027968e-014
2.000061429687514e-005	4.463599e-013
2.000091725442286e-005	1.196253e-012
2.000122753582521e-005	3.060544e-012
2.000162053720968e-005	8.160875e-012
2.000207971986231e-005	2.010026e-011
2.000257789705668e-005	4.573237e-011
2.000323410948743e-005	1.107313e-010
2.000401558558741e-005	2.603995e-010
2.000502586713962e-005	6.331128e-010
2.000624976373502e-005	1.507116e-009
2.000780811336990e-005	3.655206e-009
2.000971781616185e-005	8.525956e-009
2.001174608235725e-005	1.774523e-008
2.001401886940544e-005	3.496417e-008
2.001620541399536e-005	6.190982e-008
2.001898445893593e-005	1.160092e-007
2.002198170999309e-005	2.079636e-007
2.002568284518872e-005	3.862409e-007
2.002979809689063e-005	6.981272e-007
2.003476503572004e-005	1.289251e-006
2.004039118372043e-005	2.342030e-006
2.004709132287248e-005	4.310868e-006
2.005477003936586e-005	7.856741e-006
2.006384431922311e-005	1.443637e-005
2.007432353716616e-005	2.637145e-005
2.008665688265385e-005	4.817411e-005
2.010000000000011e-005	7.967206e-005
2.010429582634840e-005	9.442951e-005
2.011002359481257e-005	1.177427e-004
2.012147913174112e-005	1.797188e-004
2.014439020559802e-005	3.573534e-004
2.016889308887140e-005	6.493912e-004
2.020409142959264e-005	1.299075e-003
2.024413562315809e-005	2.448573e-003
2.030041303168915e-005	4.948272e-003
2.036979906187169e-005	9.727277e-003
2.046812652083487e-005	2.021741e-002
2.060143193574463e-005	4.236869e-002
2.081299406217333e-005	9.532019e-002
2.109299406217340e-005	1.919513e-001
2.137299406217348e-005	3.123811e-001
2.165299406217355e-005	4.475900e-001
2.193299406217362e-005	5.855290e-001
2.221299406217369e-005	7.155476e-001
2.249299406217376e-005	8.296276e-001
2.277299406217384e-005	9.228220e-001
2.305299406217391e-005	9.931367e-001
2.333299406217398e-005	1.041062e+000
2.361299406217405e-005	1.068933e+000
2.389299406217412e-005	1.080240e+000
2.417299406217419e-005	1.079006e+000
2.445299406217427e-005	1.069257e+000
2.473299406217434e-005	1.054647e+000
2.501299406217441e-005	1.038209e+000
2.529299406217448e-005	1.022246e+000
2.557299406217455e-005	1.008313e+000
2.585299406217463e-005	9.972876e-001
2.613299406217470e-005	9.894810e-001
2.641299406217477e-005	9.847753e-001
2.669299406217484e-005	9.827631e-001
2.697299406217491e-005	9.828755e-001
2.725299406217499e-005	9.844888e-001
2.753299406217506e-005	9.870053e-001
2.781299406217513e-005	9.899073e-001
2.809299406217520e-005	9.927874e-001
2.837299406217527e-005	9.953588e-001
2.865299406217534e-005	9.974490e-001
2.893299406217542e-005	9.989851e-001
2.921299406217549e-005	9.999716e-001
2.949299406217556e-005	1.000468e+000
2.977299406217563e-005	1.000567e+000
3.005299406217570e-005	1.000374e+000
3.033299406217578e-005	9.999939e-001
3.061299406217585e-005	9.995205e-001
3.089299406217592e-005	9.990296e-001
3.145299406217606e-005	9.981969e-001
3.173299406217614e-005	9.979080e-001
3.201299406217621e-005	9.977131e-001
3.229299406217628e-005	9.976048e-001
3.257299406217635e-005	9.975689e-001
3.285299406217642e-005	9.975880e-001
3.313299406217649e-005	9.976442e-001
3.341299406217657e-005	9.977208e-001
3.369299406217664e-005	9.978042e-001
3.397299406217671e-005	9.978837e-001
3.425299406217678e-005	9.979523e-001
3.453299406217685e-005	9.980063e-001
3.481299406217693e-005	9.980443e-001
3.509299406217700e-005	9.980670e-001
3.537299406217707e-005	9.980767e-001
3.565299406217714e-005	9.980761e-001
3.593299406217721e-005	9.980683e-001
3.621299406217728e-005	9.980562e-001
3.649299406217736e-005	9.980423e-001
3.677299406217743e-005	9.980285e-001
3.705299406217750e-005	9.980162e-001
3.733299406217757e-005	9.980062e-001
3.761299406217764e-005	9.979990e-001
3.789299406217772e-005	9.979943e-001
3.817299406217779e-005	9.979920e-001
3.845299406217786e-005	9.979916e-001
3.873299406217793e-005	9.979926e-001
3.901299406217800e-005	9.979945e-001
3.929299406217808e-005	9.979967e-001
3.957299406217815e-005	9.979991e-001
4.013299406217829e-005	9.980031e-001
4.041299406217836e-005	9.980045e-001
4.069299406217843e-005	9.980054e-001
4.097299406217851e-005	9.980059e-001
4.125299406217858e-005	9.980061e-001
4.153299406217865e-005	9.980060e-001
4.181299406217872e-005	9.980057e-001
4.209299406217879e-005	9.980053e-001
4.237299406217887e-005	9.980049e-001
4.265299406217894e-005	9.980046e-001
4.293299406217901e-005	9.980042e-001
4.321299406217908e-005	9.980040e-001
4.349299406217915e-005	9.980038e-001
4.377299406217922e-005	9.980037e-001
4.405299406217930e-005	9.980036e-001
4.433299406217937e-005	9.980037e-001
4.461299406217944e-005	9.980037e-001
4.489299406217951e-005	9.980037e-001
4.517299406217958e-005	9.980038e-001
4.545299406217966e-005	9.980039e-001
4.601299406217980e-005	9.980040e-001
4.629299406217987e-005	9.980040e-001
4.657299406217994e-005	9.980040e-001
4.685299406218002e-005	9.980041e-001
4.713299406218009e-005	9.980041e-001
4.741299406218016e-005	9.980040e-001
4.769299406218023e-005	9.980040e-001
4.797299406218030e-005	9.980040e-001
4.817299406218036e-005	9.980040e-001
4.837299406218041e-005	9.980040e-001
4.857299406218046e-005	9.980040e-001
4.877299406218051e-005	9.980040e-001
4.897299406218056e-005	9.980040e-001
4.917299406218061e-005	9.980040e-001
4.937299406218066e-005	9.980040e-001
4.993299406218081e-005	9.980040e-001
5.049299406218095e-005	9.980040e-001
5.089299406218105e-005	9.980040e-001
5.129299406218115e-005	9.980040e-001
5.169299406218126e-005	9.980040e-001
5.209299406218136e-005	9.980040e-001
5.249299406218147e-005	9.980040e-001
5.289299406218156e-005	9.980040e-001
5.329299406218167e-005	9.980040e-001
5.561299406218226e-005	9.980040e-001
5.793299406218286e-005	9.980040e-001
6.025299406218346e-005	9.980040e-001
6.257299406218405e-005	9.980040e-001
6.489299406218465e-005	9.980040e-001
6.721299406218525e-005	9.980040e-001
6.953299406218584e-005	9.980040e-001
6.981299406218591e-005	9.980040e-001
6.999999999999997e-005	9.980040e-001
